0, 1651078521208081, 1651078521208108, 27
1, 1651078521226399, 1651078521226417, 18
2, 1651078521239663, 1651078521239680, 17
3, 1651078521252916, 1651078521252931, 15
4, 1651078521266178, 1651078521266194, 16
5, 1651078521279489, 1651078521279505, 16
6, 1651078521292798, 1651078521292814, 16
7, 1651078521306135, 1651078521306150, 15
8, 1651078521319525, 1651078521319541, 16
9, 1651078521338290, 1651078521338305, 15
10, 1651078521351356, 1651078521351372, 16
11, 1651078521364478, 1651078521364494, 16
12, 1651078521377602, 1651078521377618, 16
13, 1651078521390751, 1651078521390766, 15
14, 1651078521403957, 1651078521403972, 15
15, 1651078521417175, 1651078521417191, 16
16, 1651078521430421, 1651078521430436, 15
17, 1651078521443722, 1651078521443738, 16
18, 1651078521457023, 1651078521457039, 16
19, 1651078521472591, 1651078521472607, 16
20, 1651078521485791, 1651078521485807, 16
21, 1651078521498989, 1651078521499005, 16
22, 1651078521512215, 1651078521512231, 16
23, 1651078521525498, 1651078521525513, 15
24, 1651078521538777, 1651078521538793, 16
25, 1651078521552086, 1651078521552102, 16
26, 1651078521565452, 1651078521565468, 16
27, 1651078521578817, 1651078521578832, 15
28, 1651078521592208, 1651078521592224, 16
29, 1651078521611013, 1651078521611028, 15
30, 1651078521624091, 1651078521624106, 15
31, 1651078521637196, 1651078521637211, 15
32, 1651078521650356, 1651078521650372, 16
33, 1651078521663517, 1651078521663533, 16
34, 1651078521676718, 1651078521676734, 16
35, 1651078521689963, 1651078521689979, 16
36, 1651078521703207, 1651078521703223, 16
37, 1651078521716478, 1651078521716493, 15
38, 1651078521729808, 1651078521729823, 15
39, 1651078521745373, 1651078521745388, 15
40, 1651078521758542, 1651078521758557, 15
41, 1651078521771788, 1651078521771805, 17
42, 1651078521785013, 1651078521785028, 15
43, 1651078521798266, 1651078521798282, 16
44, 1651078521811575, 1651078521811590, 15
45, 1651078521824883, 1651078521824899, 16
46, 1651078521838219, 1651078521838235, 16
47, 1651078521851612, 1651078521851627, 15
48, 1651078521865003, 1651078521865019, 16
49, 1651078521883778, 1651078521883820, 42
50, 1651078521896914, 1651078521896930, 16
51, 1651078521910021, 1651078521910036, 15
52, 1651078521923154, 1651078521923170, 16
53, 1651078521936342, 1651078521936358, 16
54, 1651078521949531, 1651078521949547, 16
55, 1651078521962747, 1651078521962763, 16
56, 1651078521976017, 1651078521976033, 16
57, 1651078521989287, 1651078521989303, 16
58, 1651078522002585, 1651078522002600, 15
59, 1651078522018255, 1651078522018271, 16
60, 1651078522031480, 1651078522031495, 15
61, 1651078522044741, 1651078522044757, 16
62, 1651078522058050, 1651078522058066, 16
63, 1651078522071356, 1651078522071372, 16
64, 1651078522084689, 1651078522084706, 17
65, 1651078522098081, 1651078522098097, 16
66, 1651078522111471, 1651078522111487, 16
67, 1651078522124888, 1651078522124904, 16
68, 1651078522322419, 1651078522322435, 16
69, 1651078522335469, 1651078522335485, 16
70, 1651078522348542, 1651078522348557, 15
71, 1651078522361673, 1651078522361688, 15
72, 1651078522374801, 1651078522374817, 16
73, 1651078522387958, 1651078522387974, 16
74, 1651078522401172, 1651078522401188, 16
75, 1651078522414387, 1651078522414403, 16
76, 1651078522427629, 1651078522427644, 15
77, 1651078522440928, 1651078522440944, 16
78, 1651078522456332, 1651078522456347, 15
79, 1651078522470670, 1651078522470686, 16
80, 1651078522483865, 1651078522483881, 16
81, 1651078522497069, 1651078522497085, 16
82, 1651078522510303, 1651078522510318, 15
83, 1651078522523594, 1651078522523609, 15
84, 1651078522536885, 1651078522536901, 16
85, 1651078522550203, 1651078522550219, 16
86, 1651078522563578, 1651078522563593, 15
87, 1651078522576952, 1651078522576968, 16
88, 1651078522595580, 1651078522595596, 16
89, 1651078522609867, 1651078522609883, 16
90, 1651078522622955, 1651078522622971, 16
91, 1651078522636068, 1651078522636084, 16
92, 1651078522649245, 1651078522649261, 16
93, 1651078522662421, 1651078522662437, 16
94, 1651078522675623, 1651078522675638, 15
95, 1651078522688885, 1651078522688901, 16
96, 1651078522710933, 1651078522710996, 63
97, 1651078522724845, 1651078522724906, 61
98, 1651078522741874, 1651078522741932, 58
99, 1651078522755505, 1651078522755564, 59
100, 1651078522770286, 1651078522770344, 58
101, 1651078522783991, 1651078522784072, 81
102, 1651078522802075, 1651078522802132, 57
103, 1651078522815693, 1651078522815751, 58
104, 1651078522830388, 1651078522830444, 56
105, 1651078522844110, 1651078522844168, 58
106, 1651078522858910, 1651078522858967, 57
107, 1651078522872761, 1651078522872818, 57
108, 1651078522889691, 1651078522889747, 56
109, 1651078522903242, 1651078522903298, 56
110, 1651078522917958, 1651078522918014, 56
111, 1651078522931611, 1651078522931668, 57
112, 1651078522946456, 1651078522946473, 17
113, 1651078522960245, 1651078522960304, 59
114, 1651078522975196, 1651078522975252, 56
115, 1651078522989085, 1651078522989142, 57
116, 1651078523007097, 1651078523007153, 56
117, 1651078523020904, 1651078523020962, 58
118, 1651078523037741, 1651078523037757, 16
119, 1651078523051278, 1651078523051335, 57
120, 1651078523065903, 1651078523065919, 16
121, 1651078523079539, 1651078523079596, 57
122, 1651078523094292, 1651078523094307, 15
123, 1651078523108026, 1651078523108083, 57
124, 1651078523122858, 1651078523122873, 15
125, 1651078523136712, 1651078523136768, 56
126, 1651078523151676, 1651078523151732, 56
127, 1651078523165578, 1651078523165635, 57
128, 1651078523182703, 1651078523182718, 15
129, 1651078523199484, 1651078523199541, 57
130, 1651078523213998, 1651078523214013, 15
131, 1651078523227574, 1651078523227630, 56
132, 1651078523242193, 1651078523242208, 15
133, 1651078523255914, 1651078523255972, 58
134, 1651078523270656, 1651078523270671, 15
135, 1651078523284477, 1651078523284494, 17
136, 1651078523298322, 1651078523298338, 16
137, 1651078523312212, 1651078523312228, 16
138, 1651078523328175, 1651078523328191, 16
139, 1651078523341785, 1651078523341801, 16
140, 1651078523355441, 1651078523355456, 15
141, 1651078523369168, 1651078523369183, 15
142, 1651078523382918, 1651078523382933, 15
143, 1651078523396713, 1651078523396728, 15
144, 1651078523410583, 1651078523410598, 15
145, 1651078523430270, 1651078523430286, 16
146, 1651078523442960, 1651078523442976, 16
147, 1651078523455691, 1651078523455707, 16
148, 1651078523468414, 1651078523468429, 15
149, 1651078523481160, 1651078523481175, 15
150, 1651078523496027, 1651078523496043, 16
151, 1651078523509821, 1651078523509836, 15
152, 1651078523522460, 1651078523522496, 36
153, 1651078523535118, 1651078523535134, 16
154, 1651078523547766, 1651078523547781, 15
155, 1651078523560433, 1651078523560448, 15
156, 1651078523573160, 1651078523573176, 16
157, 1651078523585868, 1651078523585884, 16
158, 1651078523598592, 1651078523598607, 15
159, 1651078523611362, 1651078523611377, 15
160, 1651078523624122, 1651078523624137, 15
161, 1651078523636928, 1651078523636943, 15
162, 1651078523649726, 1651078523649741, 15
163, 1651078523662540, 1651078523662556, 16
164, 1651078523678512, 1651078523678527, 15
165, 1651078523691209, 1651078523691225, 16
166, 1651078523703924, 1651078523703939, 15
167, 1651078523716626, 1651078523716642, 16
168, 1651078523729349, 1651078523729364, 15
169, 1651078523742092, 1651078523742108, 16
170, 1651078523756986, 1651078523757000, 14
171, 1651078523770777, 1651078523770793, 16
172, 1651078523783387, 1651078523783402, 15
173, 1651078523796015, 1651078523796031, 16
174, 1651078523808690, 1651078523808705, 15
175, 1651078523821356, 1651078523821371, 15
176, 1651078523834038, 1651078523834053, 15
177, 1651078523846739, 1651078523846755, 16
178, 1651078523859460, 1651078523859475, 15
179, 1651078523872228, 1651078523872243, 15
180, 1651078523884985, 1651078523885000, 15
181, 1651078523897763, 1651078523897778, 15
182, 1651078523910558, 1651078523910573, 15
183, 1651078523924494, 1651078523924554, 60
184, 1651078523942534, 1651078523942550, 16
185, 1651078523955253, 1651078523955268, 15
186, 1651078523967994, 1651078523968009, 15
187, 1651078523980742, 1651078523980757, 15
188, 1651078523995599, 1651078523995614, 15
189, 1651078524013973, 1651078524013989, 16
190, 1651078524026609, 1651078524026681, 72
191, 1651078524041390, 1651078524041405, 15
192, 1651078524054108, 1651078524054167, 59
193, 1651078524068983, 1651078524068999, 16
194, 1651078524081732, 1651078524081789, 57
195, 1651078524096745, 1651078524096761, 16
196, 1651078524109546, 1651078524109605, 59
197, 1651078524127536, 1651078524127593, 57
198, 1651078524141274, 1651078524141331, 57
199, 1651078524156036, 1651078524156052, 16
200, 1651078524168735, 1651078524168792, 57
201, 1651078524186759, 1651078524186815, 56
202, 1651078524200277, 1651078524200335, 58
203, 1651078524214942, 1651078524214980, 38
204, 1651078524227581, 1651078524227638, 57
205, 1651078524242348, 1651078524242363, 15
206, 1651078524255070, 1651078524255127, 57
207, 1651078524269949, 1651078524269965, 16
208, 1651078524282696, 1651078524282757, 61
209, 1651078524297715, 1651078524297730, 15
210, 1651078524313640, 1651078524313698, 58
211, 1651078524328367, 1651078524328382, 15
212, 1651078524341072, 1651078524341129, 57
213, 1651078524359052, 1651078524359108, 56
214, 1651078524372568, 1651078524372626, 58
215, 1651078524387211, 1651078524387268, 57
216, 1651078524400829, 1651078524400847, 18
217, 1651078524413447, 1651078524413463, 16
218, 1651078524426117, 1651078524426133, 16
219, 1651078524438786, 1651078524438802, 16
220, 1651078524451477, 1651078524451493, 16
221, 1651078524464226, 1651078524464241, 15
222, 1651078524476976, 1651078524476991, 15
223, 1651078524491860, 1651078524491876, 16
224, 1651078524504506, 1651078524504522, 16
225, 1651078524517152, 1651078524517167, 15
226, 1651078524529829, 1651078524529845, 16
227, 1651078524543577, 1651078524543592, 15
228, 1651078524556122, 1651078524556137, 15
229, 1651078524568715, 1651078524568731, 16
230, 1651078524581348, 1651078524581363, 15
231, 1651078524594049, 1651078524594065, 16
232, 1651078524606709, 1651078524606725, 16
233, 1651078524621531, 1651078524621546, 15
234, 1651078524634059, 1651078524634074, 15
235, 1651078524646614, 1651078524646638, 24
236, 1651078524659237, 1651078524659252, 15
237, 1651078524671847, 1651078524671862, 15
238, 1651078524684485, 1651078524684500, 15
239, 1651078524697181, 1651078524697196, 15
240, 1651078524709879, 1651078524709894, 15
241, 1651078524722601, 1651078524722617, 16
242, 1651078524735395, 1651078524735411, 16
243, 1651078524750278, 1651078524750293, 15
244, 1651078524762900, 1651078524762915, 15
245, 1651078524775574, 1651078524775589, 15
246, 1651078524788248, 1651078524788263, 15
247, 1651078524801965, 1651078524801980, 15
248, 1651078524814540, 1651078524814555, 15
249, 1651078524827109, 1651078524827124, 15
250, 1651078524839708, 1651078524839723, 15
251, 1651078524852365, 1651078524852380, 15
252, 1651078524865021, 1651078524865036, 15
253, 1651078524879814, 1651078524879828, 14
254, 1651078524892368, 1651078524892408, 40
255, 1651078524904946, 1651078524904963, 17
256, 1651078524917533, 1651078524917549, 16
257, 1651078524930172, 1651078524930188, 16
258, 1651078524942814, 1651078524942830, 16
259, 1651078524955480, 1651078524955495, 15
260, 1651078524968189, 1651078524968204, 15
261, 1651078524980898, 1651078524980913, 15
262, 1651078524993638, 1651078524993654, 16
263, 1651078525008540, 1651078525008556, 16
264, 1651078525021154, 1651078525021170, 16
265, 1651078525033793, 1651078525033809, 16
266, 1651078525046487, 1651078525046503, 16
267, 1651078525060194, 1651078525060210, 16
268, 1651078525072754, 1651078525072770, 16
269, 1651078525085350, 1651078525085366, 16
270, 1651078525097943, 1651078525097959, 16
271, 1651078525110571, 1651078525110587, 16
272, 1651078525124419, 1651078525124435, 16
273, 1651078525139212, 1651078525139228, 16
274, 1651078525151739, 1651078525151754, 15
275, 1651078525164319, 1651078525164335, 16
276, 1651078525176900, 1651078525176915, 15
277, 1651078525189513, 1651078525189530, 17
278, 1651078525202182, 1651078525202198, 16
279, 1651078525214849, 1651078525214865, 16
280, 1651078525227540, 1651078525227556, 16
281, 1651078525240289, 1651078525240304, 15
282, 1651078525260719, 1651078525260737, 18
283, 1651078525274540, 1651078525274556, 16
284, 1651078525288207, 1651078525288224, 17
285, 1651078525300721, 1651078525300737, 16
286, 1651078525316803, 1651078525316819, 16
287, 1651078525329380, 1651078525329396, 16
288, 1651078525342015, 1651078525342030, 15
289, 1651078525354646, 1651078525354662, 16
290, 1651078525367305, 1651078525367321, 16
291, 1651078525380018, 1651078525380034, 16
292, 1651078525392743, 1651078525392759, 16
293, 1651078525408791, 1651078525408807, 16
294, 1651078525421407, 1651078525421423, 16
295, 1651078525434019, 1651078525434034, 15
296, 1651078525446659, 1651078525446674, 15
297, 1651078525459353, 1651078525459368, 15
298, 1651078525472047, 1651078525472063, 16
299, 1651078525484775, 1651078525484790, 15
300, 1651078525497559, 1651078525497574, 15
301, 1651078525510334, 1651078525510349, 15
302, 1651078525524154, 1651078525524169, 15
303, 1651078525540133, 1651078525540148, 15
304, 1651078525552622, 1651078525552637, 15
305, 1651078525565142, 1651078525565176, 34
306, 1651078525577739, 1651078525577754, 15
307, 1651078525590315, 1651078525590331, 16
308, 1651078525602920, 1651078525602935, 15
309, 1651078525615577, 1651078525615592, 15
310, 1651078525628233, 1651078525628249, 16
311, 1651078525640920, 1651078525640935, 15
312, 1651078525653664, 1651078525653679, 15
313, 1651078525669745, 1651078525669760, 15
314, 1651078525682365, 1651078525682380, 15
315, 1651078525695045, 1651078525695060, 15
316, 1651078525707719, 1651078525707734, 15
317, 1651078525720421, 1651078525720437, 16
318, 1651078525733181, 1651078525733197, 16
319, 1651078525745943, 1651078525745958, 15
320, 1651078525758729, 1651078525758744, 15
321, 1651078525771570, 1651078525771586, 16
322, 1651078525785382, 1651078525785397, 15
323, 1651078525801342, 1651078525801357, 15
324, 1651078525813853, 1651078525813869, 16
325, 1651078525826362, 1651078525826377, 15
326, 1651078525838900, 1651078525838915, 15
327, 1651078525851490, 1651078525851505, 15
328, 1651078525864082, 1651078525864097, 15
329, 1651078525876740, 1651078525876755, 15
330, 1651078525889422, 1651078525889437, 15
331, 1651078525902100, 1651078525902115, 15
332, 1651078525914807, 1651078525914823, 16
333, 1651078525930888, 1651078525930904, 16
334, 1651078525943464, 1651078525943479, 15
335, 1651078525956067, 1651078525956083, 16
336, 1651078525968728, 1651078525968743, 15
337, 1651078525981389, 1651078525981404, 15
338, 1651078525994085, 1651078525994101, 16
339, 1651078526006838, 1651078526006854, 16
340, 1651078526019588, 1651078526019604, 16
341, 1651078526032364, 1651078526032380, 16
342, 1651078526046215, 1651078526046231, 16
343, 1651078526062183, 1651078526062199, 16
344, 1651078526074678, 1651078526074694, 16
345, 1651078526087226, 1651078526087242, 16
346, 1651078526099773, 1651078526099788, 15
347, 1651078526112345, 1651078526112361, 16
348, 1651078526124975, 1651078526124991, 16
349, 1651078526137606, 1651078526137622, 16
350, 1651078526150266, 1651078526150282, 16
351, 1651078526162983, 1651078526162999, 16
352, 1651078526175696, 1651078526175712, 16
353, 1651078526191757, 1651078526191773, 16
354, 1651078526204368, 1651078526204384, 16
355, 1651078526216983, 1651078526216999, 16
356, 1651078526229623, 1651078526229639, 16
357, 1651078526242320, 1651078526242352, 32
358, 1651078526255033, 1651078526255049, 16
359, 1651078526267757, 1651078526267773, 16
360, 1651078526280535, 1651078526280551, 16
361, 1651078526293312, 1651078526293328, 16
362, 1651078526307149, 1651078526307165, 16
363, 1651078526323148, 1651078526323163, 15
364, 1651078526335639, 1651078526335655, 16
365, 1651078526348156, 1651078526348173, 17
366, 1651078526360739, 1651078526360755, 16
367, 1651078526373310, 1651078526373325, 15
368, 1651078526385908, 1651078526385924, 16
369, 1651078526398567, 1651078526398582, 15
370, 1651078526412444, 1651078526412460, 16
371, 1651078526425128, 1651078526425143, 15
372, 1651078526437871, 1651078526437887, 16
373, 1651078526453932, 1651078526453948, 16
374, 1651078526466513, 1651078526466528, 15
375, 1651078526484996, 1651078526485012, 16
376, 1651078526497677, 1651078526497692, 15
377, 1651078526510380, 1651078526510396, 16
378, 1651078526523113, 1651078526523128, 15
379, 1651078526536887, 1651078526536902, 15
380, 1651078526549490, 1651078526549506, 16
381, 1651078526562119, 1651078526562134, 15
382, 1651078526576901, 1651078526576916, 15
383, 1651078526589402, 1651078526589417, 15
384, 1651078526601930, 1651078526601945, 15
385, 1651078526614474, 1651078526614488, 14
386, 1651078526627047, 1651078526627062, 15
387, 1651078526639643, 1651078526639659, 16
388, 1651078526652269, 1651078526652284, 15
389, 1651078526664923, 1651078526664939, 16
390, 1651078526677611, 1651078526677626, 15
391, 1651078526690324, 1651078526690339, 15
392, 1651078526705192, 1651078526705207, 15
393, 1651078526717778, 1651078526717793, 15
394, 1651078526730391, 1651078526730406, 15
395, 1651078526743036, 1651078526743051, 15
396, 1651078526755708, 1651078526755723, 15
397, 1651078526768408, 1651078526768424, 16
398, 1651078526781136, 1651078526781151, 15
399, 1651078526794908, 1651078526794924, 16
400, 1651078526807508, 1651078526807523, 15
401, 1651078526820135, 1651078526820150, 15
402, 1651078526834917, 1651078526834932, 15
403, 1651078526847416, 1651078526847431, 15
404, 1651078526859941, 1651078526859957, 16
405, 1651078526872496, 1651078526872511, 15
406, 1651078526885076, 1651078526885092, 16
407, 1651078526897689, 1651078526897704, 15
408, 1651078526910327, 1651078526910361, 34
409, 1651078526923013, 1651078526923029, 16
410, 1651078526935707, 1651078526935722, 15
411, 1651078526948426, 1651078526948442, 16
412, 1651078526963300, 1651078526963316, 16
413, 1651078526975890, 1651078526975906, 16
414, 1651078526988508, 1651078526988524, 16
415, 1651078527001158, 1651078527001173, 15
416, 1651078527013836, 1651078527013851, 15
417, 1651078527026540, 1651078527026556, 16
418, 1651078527039269, 1651078527039285, 16
419, 1651078527053044, 1651078527053060, 16
420, 1651078527065647, 1651078527065663, 16
421, 1651078527078276, 1651078527078292, 16
422, 1651078527093050, 1651078527093066, 16
423, 1651078527105552, 1651078527105568, 16
424, 1651078527118077, 1651078527118093, 16
425, 1651078527130632, 1651078527130648, 16
426, 1651078527143212, 1651078527143228, 16
427, 1651078527155823, 1651078527155839, 16
428, 1651078527172054, 1651078527172070, 16
429, 1651078527184724, 1651078527184740, 16
430, 1651078527197428, 1651078527197444, 16
431, 1651078527210132, 1651078527210148, 16
432, 1651078527225056, 1651078527225072, 16
433, 1651078527237659, 1651078527237675, 16
434, 1651078527250259, 1651078527250275, 16
435, 1651078527262888, 1651078527262904, 16
436, 1651078527275570, 1651078527275586, 16
437, 1651078527289257, 1651078527289273, 16
438, 1651078527301783, 1651078527301798, 15
439, 1651078527314401, 1651078527314418, 17
440, 1651078527327021, 1651078527327037, 16
441, 1651078527339664, 1651078527339680, 16
442, 1651078527354560, 1651078527354576, 16
443, 1651078527368148, 1651078527368164, 16
444, 1651078527380687, 1651078527380703, 16
445, 1651078527393289, 1651078527393305, 16
446, 1651078527405888, 1651078527405903, 15
447, 1651078527418515, 1651078527418531, 16
448, 1651078527431154, 1651078527431170, 16
449, 1651078527443792, 1651078527443808, 16
450, 1651078527456456, 1651078527456472, 16
451, 1651078527469177, 1651078527469193, 16
452, 1651078527484090, 1651078527484106, 16
453, 1651078527496651, 1651078527496666, 15
454, 1651078527509269, 1651078527509284, 15
455, 1651078527521886, 1651078527521901, 15
456, 1651078527534528, 1651078527534542, 14
457, 1651078527548232, 1651078527548247, 15
458, 1651078527560760, 1651078527560776, 16
459, 1651078527573306, 1651078527573339, 33
460, 1651078527585925, 1651078527585940, 15
461, 1651078527598527, 1651078527598543, 16
462, 1651078527613354, 1651078527613369, 15
463, 1651078527625853, 1651078527625869, 16
464, 1651078527638359, 1651078527638374, 15
465, 1651078527650895, 1651078527650911, 16
466, 1651078527663484, 1651078527663500, 16
467, 1651078527676073, 1651078527676088, 15
468, 1651078527694699, 1651078527694716, 17
469, 1651078527707378, 1651078527707393, 15
470, 1651078527720088, 1651078527720104, 16
471, 1651078527732825, 1651078527732840, 15
472, 1651078527748894, 1651078527748909, 15
473, 1651078527761502, 1651078527761517, 15
474, 1651078527775143, 1651078527775158, 15
475, 1651078527787620, 1651078527787635, 15
476, 1651078527800124, 1651078527800140, 16
477, 1651078527812657, 1651078527812672, 15
478, 1651078527825219, 1651078527825235, 16
479, 1651078527837810, 1651078527837825, 15
480, 1651078527850429, 1651078527850444, 15
481, 1651078527863077, 1651078527863093, 16
482, 1651078527879053, 1651078527879068, 15
483, 1651078527891569, 1651078527891584, 15
484, 1651078527904111, 1651078527904126, 15
485, 1651078527916682, 1651078527916698, 16
486, 1651078527929281, 1651078527929297, 16
487, 1651078527941908, 1651078527941924, 16
488, 1651078527954561, 1651078527954576, 15
489, 1651078527968466, 1651078527968481, 15
490, 1651078527981179, 1651078527981195, 16
491, 1651078527993920, 1651078527993935, 15
492, 1651078528009989, 1651078528010004, 15
493, 1651078528056166, 1651078528056181, 15
494, 1651078528068651, 1651078528068667, 16
495, 1651078528081138, 1651078528081154, 16
496, 1651078528093658, 1651078528093674, 16
497, 1651078528106232, 1651078528106248, 16
498, 1651078528118804, 1651078528118820, 16
499, 1651078528131403, 1651078528131419, 16
500, 1651078528144055, 1651078528144071, 16
501, 1651078528156730, 1651078528156746, 16
502, 1651078528172710, 1651078528172727, 17
503, 1651078528185266, 1651078528185282, 16
504, 1651078528197819, 1651078528197835, 16
505, 1651078528210402, 1651078528210418, 16
506, 1651078528223042, 1651078528223057, 15
507, 1651078528235679, 1651078528235695, 16
508, 1651078528248342, 1651078528248358, 16
509, 1651078528261064, 1651078528261080, 16
510, 1651078528273781, 1651078528273815, 34
511, 1651078528286535, 1651078528286550, 15
512, 1651078528302610, 1651078528302636, 26
513, 1651078528316238, 1651078528316254, 16
514, 1651078528328688, 1651078528328704, 16
515, 1651078528341200, 1651078528341215, 15
516, 1651078528353712, 1651078528353728, 16
517, 1651078528366250, 1651078528366266, 16
518, 1651078528378846, 1651078528378862, 16
519, 1651078528391435, 1651078528391451, 16
520, 1651078528404050, 1651078528404066, 16
521, 1651078528416745, 1651078528416761, 16
522, 1651078528432722, 1651078528432737, 15
523, 1651078528445246, 1651078528445261, 15
524, 1651078528457825, 1651078528457838, 13
525, 1651078528470402, 1651078528470419, 17
526, 1651078528483011, 1651078528483027, 16
527, 1651078528495671, 1651078528495689, 18
528, 1651078528508333, 1651078528508349, 16
529, 1651078528521026, 1651078528521042, 16
530, 1651078528533777, 1651078528533793, 16
531, 1651078528546522, 1651078528546538, 16
532, 1651078528562574, 1651078528562590, 16
533, 1651078528577339, 1651078528577355, 16
534, 1651078528589799, 1651078528589815, 16
535, 1651078528602288, 1651078528602304, 16
536, 1651078528614835, 1651078528614851, 16
537, 1651078528627376, 1651078528627392, 16
538, 1651078528639947, 1651078528639963, 16
539, 1651078528652572, 1651078528652588, 16
540, 1651078528665199, 1651078528665215, 16
541, 1651078528677857, 1651078528677873, 16
542, 1651078528693872, 1651078528693889, 17
543, 1651078528706399, 1651078528706414, 15
544, 1651078528718952, 1651078528718968, 16
545, 1651078528731559, 1651078528731574, 15
546, 1651078528744165, 1651078528744181, 16
547, 1651078528756801, 1651078528756817, 16
548, 1651078528769497, 1651078528769512, 15
549, 1651078528782189, 1651078528782204, 15
550, 1651078528794911, 1651078528794925, 14
551, 1651078528807684, 1651078528807699, 15
552, 1651078528823757, 1651078528823772, 15
553, 1651078528837387, 1651078528837402, 15
554, 1651078528849875, 1651078528849889, 14
555, 1651078528862362, 1651078528862377, 15
556, 1651078528874880, 1651078528874895, 15
557, 1651078528887450, 1651078528887465, 15
558, 1651078528900020, 1651078528900036, 16
559, 1651078528912618, 1651078528912634, 16
560, 1651078528925273, 1651078528925288, 15
561, 1651078528937927, 1651078528937964, 37
562, 1651078528958691, 1651078528958708, 17
563, 1651078528971241, 1651078528971257, 16
564, 1651078528983857, 1651078528983873, 16
565, 1651078528996527, 1651078528996543, 16
566, 1651078529009200, 1651078529009216, 16
567, 1651078529021902, 1651078529021918, 16
568, 1651078529034659, 1651078529034675, 16
569, 1651078529055587, 1651078529055604, 17
570, 1651078529068279, 1651078529068295, 16
571, 1651078529080969, 1651078529080985, 16
572, 1651078529096964, 1651078529096980, 16
573, 1651078529109508, 1651078529109524, 16
574, 1651078529122050, 1651078529122066, 16
575, 1651078529134616, 1651078529134640, 24
576, 1651078529147335, 1651078529147352, 17
577, 1651078529159950, 1651078529159966, 16
578, 1651078529172590, 1651078529172606, 16
579, 1651078529185259, 1651078529185274, 15
580, 1651078529197957, 1651078529197973, 16
581, 1651078529210684, 1651078529210701, 17
582, 1651078529225548, 1651078529225564, 16
583, 1651078529238146, 1651078529238162, 16
584, 1651078529250772, 1651078529250788, 16
585, 1651078529263425, 1651078529263441, 16
586, 1651078529276104, 1651078529276120, 16
587, 1651078529289834, 1651078529289850, 16
588, 1651078529302392, 1651078529302408, 16
589, 1651078529314987, 1651078529315003, 16
590, 1651078529327608, 1651078529327623, 15
591, 1651078529340256, 1651078529340272, 16
592, 1651078529355042, 1651078529355058, 16
593, 1651078529367560, 1651078529367576, 16
594, 1651078529380105, 1651078529380120, 15
595, 1651078529392677, 1651078529392693, 16
596, 1651078529405279, 1651078529405295, 16
597, 1651078529417905, 1651078529417922, 17
598, 1651078529430563, 1651078529430579, 16
599, 1651078529444411, 1651078529444427, 16
600, 1651078529457127, 1651078529457143, 16
601, 1651078529469871, 1651078529469886, 15
602, 1651078529484763, 1651078529484779, 16
603, 1651078529497378, 1651078529497394, 16
604, 1651078529510017, 1651078529510033, 16
605, 1651078529522685, 1651078529522701, 16
606, 1651078529535377, 1651078529535392, 15
607, 1651078529549113, 1651078529549128, 15
608, 1651078529561681, 1651078529561696, 15
609, 1651078529574274, 1651078529574289, 15
610, 1651078529586926, 1651078529586943, 17
611, 1651078529599577, 1651078529599592, 15
612, 1651078529614360, 1651078529614375, 15
613, 1651078529626901, 1651078529626936, 35
614, 1651078529639466, 1651078529639482, 16
615, 1651078529652040, 1651078529652056, 16
616, 1651078529664640, 1651078529664655, 15
617, 1651078529677268, 1651078529677283, 15
618, 1651078529689924, 1651078529689940, 16
619, 1651078529702609, 1651078529702624, 15
620, 1651078529715406, 1651078529715422, 16
621, 1651078529728138, 1651078529728154, 16
622, 1651078529740926, 1651078529740941, 15
623, 1651078529757018, 1651078529757033, 15
624, 1651078529769650, 1651078529769665, 15
625, 1651078529782336, 1651078529782351, 15
626, 1651078529795023, 1651078529795038, 15
627, 1651078529808763, 1651078529808778, 15
628, 1651078529821348, 1651078529821363, 15
629, 1651078529833930, 1651078529833945, 15
630, 1651078529846541, 1651078529846557, 16
631, 1651078529859221, 1651078529859235, 14
632, 1651078529871886, 1651078529871902, 16
633, 1651078529887883, 1651078529887898, 15
634, 1651078529900447, 1651078529900462, 15
635, 1651078529913014, 1651078529913031, 17
636, 1651078529925609, 1651078529925625, 16
637, 1651078529938247, 1651078529938263, 16
638, 1651078529950886, 1651078529950902, 16
639, 1651078529963549, 1651078529963564, 15
640, 1651078529976271, 1651078529976287, 16
641, 1651078529988996, 1651078529989012, 16
642, 1651078530001751, 1651078530001767, 16
643, 1651078530017864, 1651078530017879, 15
644, 1651078530030486, 1651078530030502, 16
645, 1651078530043138, 1651078530043154, 16
646, 1651078530055844, 1651078530055859, 15
647, 1651078530069565, 1651078530069581, 16
648, 1651078530082120, 1651078530082136, 16
649, 1651078530094733, 1651078530094749, 16
650, 1651078530107342, 1651078530107359, 17
651, 1651078530119981, 1651078530119997, 16
652, 1651078530132675, 1651078530132691, 16
653, 1651078530148669, 1651078530148685, 16
654, 1651078530161204, 1651078530161221, 17
655, 1651078530180566, 1651078530180583, 17
656, 1651078530193226, 1651078530193242, 16
657, 1651078530205886, 1651078530205902, 16
658, 1651078530218572, 1651078530218588, 16
659, 1651078530232444, 1651078530232459, 15
660, 1651078530245188, 1651078530245205, 17
661, 1651078530257962, 1651078530257978, 16
662, 1651078530272897, 1651078530272912, 15
663, 1651078530286558, 1651078530286574, 16
664, 1651078530300077, 1651078530300110, 33
665, 1651078530312639, 1651078530312655, 16
666, 1651078530325185, 1651078530325201, 16
667, 1651078530337762, 1651078530337778, 16
668, 1651078530350390, 1651078530350406, 16
669, 1651078530363019, 1651078530363035, 16
670, 1651078530375676, 1651078530375692, 16
671, 1651078530388388, 1651078530388404, 16
672, 1651078530403207, 1651078530403223, 16
673, 1651078530415761, 1651078530415777, 16
674, 1651078530428370, 1651078530428386, 16
675, 1651078530440978, 1651078530440994, 16
676, 1651078530453616, 1651078530453632, 16
677, 1651078530466312, 1651078530466328, 16
678, 1651078530479008, 1651078530479024, 16
679, 1651078530491729, 1651078530491745, 16
680, 1651078530504506, 1651078530504522, 16
681, 1651078530517282, 1651078530517298, 16
682, 1651078530532224, 1651078530532238, 14
683, 1651078530545913, 1651078530545929, 16
684, 1651078530558402, 1651078530558418, 16
685, 1651078530570922, 1651078530570938, 16
686, 1651078530583493, 1651078530583508, 15
687, 1651078530596063, 1651078530596078, 15
688, 1651078530608661, 1651078530608676, 15
689, 1651078530621318, 1651078530621333, 15
690, 1651078530634009, 1651078530634024, 15
691, 1651078530646731, 1651078530646746, 15
692, 1651078530661615, 1651078530661630, 15
693, 1651078530674206, 1651078530674221, 15
694, 1651078530686826, 1651078530686841, 15
695, 1651078530699499, 1651078530699514, 15
696, 1651078530712172, 1651078530712187, 15
697, 1651078530724874, 1651078530724889, 15
698, 1651078530737629, 1651078530737644, 15
699, 1651078530750365, 1651078530750380, 15
700, 1651078530763105, 1651078530763120, 15
701, 1651078530775898, 1651078530775914, 16
702, 1651078530790800, 1651078530790815, 15
703, 1651078530804446, 1651078530804461, 15
704, 1651078530816953, 1651078530816968, 15
705, 1651078530829464, 1651078530829478, 14
706, 1651078530842000, 1651078530842015, 15
707, 1651078530854594, 1651078530854609, 15
708, 1651078530867246, 1651078530867261, 15
709, 1651078530879858, 1651078530879874, 16
710, 1651078530897795, 1651078530897811, 16
711, 1651078530910542, 1651078530910558, 16
712, 1651078530925466, 1651078530925483, 17
713, 1651078530938083, 1651078530938099, 16
714, 1651078530950731, 1651078530950747, 16
715, 1651078530963438, 1651078530963471, 33
716, 1651078530976160, 1651078530976176, 16
717, 1651078530988896, 1651078530988911, 15
718, 1651078531001689, 1651078531001706, 17
719, 1651078531014477, 1651078531014493, 16
720, 1651078531028314, 1651078531028330, 16
721, 1651078531041010, 1651078531041026, 16
722, 1651078531055815, 1651078531055831, 16
723, 1651078531068353, 1651078531068368, 15
724, 1651078531080947, 1651078531080963, 16
725, 1651078531093544, 1651078531093560, 16
726, 1651078531106164, 1651078531106180, 16
727, 1651078531118844, 1651078531118859, 15
728, 1651078531131519, 1651078531131535, 16
729, 1651078531144223, 1651078531144238, 15
730, 1651078531156983, 1651078531156999, 16
731, 1651078531169745, 1651078531169761, 16
732, 1651078531184640, 1651078531184656, 16
733, 1651078531197299, 1651078531197316, 17
734, 1651078531209958, 1651078531209974, 16
735, 1651078531222645, 1651078531222661, 16
736, 1651078531235386, 1651078531235402, 16
737, 1651078531248126, 1651078531248142, 16
738, 1651078531260895, 1651078531260911, 16
739, 1651078531273720, 1651078531273736, 16
740, 1651078531287559, 1651078531287575, 16
741, 1651078531300222, 1651078531300238, 16
742, 1651078531315054, 1651078531315070, 16
743, 1651078531327591, 1651078531327607, 16
744, 1651078531340153, 1651078531340169, 16
745, 1651078531352790, 1651078531352806, 16
746, 1651078531365413, 1651078531365428, 15
747, 1651078531378062, 1651078531378077, 15
748, 1651078531397624, 1651078531397640, 16
749, 1651078531410365, 1651078531410381, 16
750, 1651078531423138, 1651078531423154, 16
751, 1651078531435935, 1651078531435951, 16
752, 1651078531452065, 1651078531452081, 16
753, 1651078531464740, 1651078531464756, 16
754, 1651078531477436, 1651078531477451, 15
755, 1651078531490158, 1651078531490173, 15
756, 1651078531503931, 1651078531503946, 15
757, 1651078531516531, 1651078531516547, 16
758, 1651078531529162, 1651078531529178, 16
759, 1651078531541823, 1651078531541839, 16
760, 1651078531554508, 1651078531554524, 16
761, 1651078531567208, 1651078531567224, 16
762, 1651078531583239, 1651078531583256, 17
763, 1651078531595810, 1651078531595826, 16
764, 1651078531608409, 1651078531608425, 16
765, 1651078531621037, 1651078531621053, 16
766, 1651078531633698, 1651078531633729, 31
767, 1651078531646402, 1651078531646418, 16
768, 1651078531659118, 1651078531659133, 15
769, 1651078531671858, 1651078531671874, 16
770, 1651078531684625, 1651078531684640, 15
771, 1651078531697429, 1651078531697444, 15
772, 1651078531713566, 1651078531713581, 15
773, 1651078531726241, 1651078531726257, 16
774, 1651078531738948, 1651078531738963, 15
775, 1651078531751677, 1651078531751692, 15
776, 1651078531765449, 1651078531765464, 15
777, 1651078531778052, 1651078531778067, 15
778, 1651078531790683, 1651078531790699, 16
779, 1651078531803339, 1651078531803355, 16
780, 1651078531816023, 1651078531816038, 15
781, 1651078531828744, 1651078531828760, 16
782, 1651078531844790, 1651078531844805, 15
783, 1651078531857374, 1651078531857389, 15
784, 1651078531870018, 1651078531870034, 16
785, 1651078531882657, 1651078531882673, 16
786, 1651078531895321, 1651078531895337, 16
787, 1651078531908012, 1651078531908028, 16
788, 1651078531920746, 1651078531920763, 17
789, 1651078531933634, 1651078531933650, 16
790, 1651078531946534, 1651078531946550, 16
791, 1651078531959474, 1651078531959490, 16
792, 1651078531972409, 1651078531972425, 16
793, 1651078531985394, 1651078531985410, 16
794, 1651078532000472, 1651078532000488, 16
795, 1651078532014476, 1651078532014492, 16
796, 1651078532030420, 1651078532030436, 16
797, 1651078532043107, 1651078532043123, 16
798, 1651078532055781, 1651078532055797, 16
799, 1651078532068473, 1651078532068488, 15
800, 1651078532081213, 1651078532081229, 16
801, 1651078532093958, 1651078532093974, 16
802, 1651078532106734, 1651078532106750, 16
803, 1651078532119503, 1651078532119519, 16
804, 1651078532132287, 1651078532132303, 16
805, 1651078532145090, 1651078532145106, 16
806, 1651078532157940, 1651078532157956, 16
807, 1651078532170780, 1651078532170795, 15
808, 1651078532183638, 1651078532183654, 16
809, 1651078532196515, 1651078532196531, 16
810, 1651078532209413, 1651078532209429, 16
811, 1651078532222355, 1651078532222371, 16
812, 1651078532235286, 1651078532235302, 16
813, 1651078532248236, 1651078532248252, 16
814, 1651078532263314, 1651078532263330, 16
815, 1651078532277345, 1651078532277361, 16
816, 1651078532293288, 1651078532293304, 16
817, 1651078532305942, 1651078532305977, 35
818, 1651078532319625, 1651078532319642, 17
819, 1651078532332384, 1651078532332400, 16
820, 1651078532345106, 1651078532345121, 15
821, 1651078532357844, 1651078532357860, 16
822, 1651078532370606, 1651078532370621, 15
823, 1651078532383393, 1651078532383409, 16
824, 1651078532396213, 1651078532396229, 16
825, 1651078532409026, 1651078532409041, 15
826, 1651078532421857, 1651078532421873, 16
827, 1651078532434706, 1651078532434722, 16
828, 1651078532447636, 1651078532447653, 17
829, 1651078532460556, 1651078532460572, 16
830, 1651078532473498, 1651078532473514, 16
831, 1651078532486456, 1651078532486472, 16
832, 1651078532499431, 1651078532499447, 16
833, 1651078532514564, 1651078532514580, 16
834, 1651078532529546, 1651078532529562, 16
835, 1651078532542403, 1651078532542419, 16
836, 1651078532558400, 1651078532558416, 16
837, 1651078532571138, 1651078532571154, 16
838, 1651078532583862, 1651078532583877, 15
839, 1651078532596612, 1651078532596628, 16
840, 1651078532609377, 1651078532609392, 15
841, 1651078532820539, 1651078532820556, 17
842, 1651078532834145, 1651078532834161, 16
843, 1651078532847782, 1651078532847798, 16
844, 1651078532861419, 1651078532861434, 15
845, 1651078532875087, 1651078532875102, 15
846, 1651078532888818, 1651078532888833, 15
847, 1651078532902552, 1651078532902568, 16
848, 1651078532916347, 1651078532916363, 16
849, 1651078532930176, 1651078532930191, 15
850, 1651078532944009, 1651078532944024, 15
851, 1651078532964829, 1651078532964845, 16
852, 1651078532977514, 1651078532977528, 14
853, 1651078532990212, 1651078532990227, 15
854, 1651078533002930, 1651078533002945, 15
855, 1651078533018827, 1651078533018844, 17
856, 1651078533031410, 1651078533031426, 16
857, 1651078533044011, 1651078533044027, 16
858, 1651078533056628, 1651078533056644, 16
859, 1651078533069295, 1651078533069312, 17
860, 1651078533081951, 1651078533081968, 17
861, 1651078533094643, 1651078533094659, 16
862, 1651078533107337, 1651078533107353, 16
863, 1651078533120047, 1651078533120063, 16
864, 1651078533132807, 1651078533132822, 15
865, 1651078533145558, 1651078533145574, 16
866, 1651078533158326, 1651078533158342, 16
867, 1651078533171115, 1651078533171130, 15
868, 1651078533183948, 1651078533183964, 16
869, 1651078533196777, 1651078533196815, 38
870, 1651078533213964, 1651078533213981, 17
871, 1651078533226654, 1651078533226670, 16
872, 1651078533239389, 1651078533239405, 16
873, 1651078533252115, 1651078533252131, 16
874, 1651078533264859, 1651078533264874, 15
875, 1651078533280754, 1651078533280769, 15
876, 1651078533293350, 1651078533293366, 16
877, 1651078533305994, 1651078533306010, 16
878, 1651078533318646, 1651078533318662, 16
879, 1651078533331299, 1651078533331316, 17
880, 1651078533343970, 1651078533343986, 16
881, 1651078533356687, 1651078533356703, 16
882, 1651078533369398, 1651078533369413, 15
883, 1651078533382125, 1651078533382142, 17
884, 1651078533394871, 1651078533394888, 17
885, 1651078533407633, 1651078533407649, 16
886, 1651078533420441, 1651078533420456, 15
887, 1651078533433242, 1651078533433257, 15
888, 1651078533446061, 1651078533446076, 15
889, 1651078533461005, 1651078533461021, 16
890, 1651078533474904, 1651078533474920, 16
891, 1651078533487591, 1651078533487607, 16
892, 1651078533500297, 1651078533500313, 16
893, 1651078533513019, 1651078533513036, 17
894, 1651078533525769, 1651078533525785, 16
895, 1651078533541681, 1651078533541696, 15
896, 1651078533554279, 1651078533554295, 16
897, 1651078533566896, 1651078533566912, 16
898, 1651078533579528, 1651078533579544, 16
899, 1651078533592208, 1651078533592224, 16
900, 1651078533604880, 1651078533604896, 16
901, 1651078533617570, 1651078533617709, 139
902, 1651078533632403, 1651078533632526, 123
903, 1651078533646272, 1651078533646410, 138
904, 1651078533661235, 1651078533661358, 123
905, 1651078533677315, 1651078533677452, 137
906, 1651078533693234, 1651078533693356, 122
907, 1651078533706906, 1651078533707042, 136
908, 1651078533721785, 1651078533721906, 121
909, 1651078533735558, 1651078533735696, 138
910, 1651078533753687, 1651078533753809, 122
911, 1651078533767378, 1651078533767515, 137
912, 1651078533782117, 1651078533782238, 121
913, 1651078533795940, 1651078533796078, 138
914, 1651078533810792, 1651078533810914, 122
915, 1651078533826778, 1651078533826914, 136
916, 1651078533842608, 1651078533842742, 134
917, 1651078533856231, 1651078533856368, 137
918, 1651078533870999, 1651078533871121, 122
919, 1651078533884717, 1651078533884852, 135
920, 1651078533899584, 1651078533899728, 144
921, 1651078533913453, 1651078533913591, 138
922, 1651078533928454, 1651078533928576, 122
923, 1651078533942408, 1651078533942546, 138
924, 1651078533960487, 1651078533960608, 121
925, 1651078533976439, 1651078533976577, 138
926, 1651078533992199, 1651078533992322, 123
927, 1651078534005783, 1651078534005921, 138
928, 1651078534020474, 1651078534020595, 121
929, 1651078534034154, 1651078534034291, 137
930, 1651078534048948, 1651078534049070, 122
931, 1651078534062758, 1651078534062896, 138
932, 1651078534077683, 1651078534077804, 121
933, 1651078534096281, 1651078534096419, 138
934, 1651078534111354, 1651078534111476, 122
935, 1651078534131797, 1651078534131933, 136
936, 1651078534146272, 1651078534146393, 121
937, 1651078534159811, 1651078534159948, 137
938, 1651078534174443, 1651078534174564, 121
939, 1651078534188083, 1651078534188220, 137
940, 1651078534202849, 1651078534202970, 121
941, 1651078534216591, 1651078534216729, 138
942, 1651078534231453, 1651078534231576, 123
943, 1651078534245326, 1651078534245463, 137
944, 1651078534260319, 1651078534260440, 121
945, 1651078534277599, 1651078534277737, 138
946, 1651078534292352, 1651078534292477, 125
947, 1651078534306038, 1651078534306178, 140
948, 1651078534324073, 1651078534324195, 122
949, 1651078534337674, 1651078534337811, 137
950, 1651078534352346, 1651078534352468, 122
951, 1651078534366044, 1651078534366181, 137
952, 1651078534380819, 1651078534380940, 121
953, 1651078534394646, 1651078534394783, 137
954, 1651078534409551, 1651078534409673, 122
955, 1651078534426756, 1651078534426893, 137
956, 1651078534441447, 1651078534441568, 121
957, 1651078534455091, 1651078534455228, 137
958, 1651078534469913, 1651078534470034, 121
959, 1651078534483647, 1651078534483783, 136
960, 1651078534498642, 1651078534498764, 122
961, 1651078534512560, 1651078534512697, 137
962, 1651078534530618, 1651078534530751, 133
963, 1651078534544460, 1651078534544597, 137
964, 1651078534559341, 1651078534559462, 121
965, 1651078534576553, 1651078534576690, 137
966, 1651078534591222, 1651078534591342, 120
967, 1651078534604863, 1651078534605000, 137
968, 1651078534619574, 1651078534619694, 120
969, 1651078534633247, 1651078534633383, 136
970, 1651078534648056, 1651078534648176, 120
971, 1651078534661861, 1651078534662026, 165
972, 1651078534676828, 1651078534676950, 122
973, 1651078534690708, 1651078534690844, 136
974, 1651078534705810, 1651078534705931, 121
975, 1651078534726250, 1651078534726387, 137
976, 1651078534740753, 1651078534740874, 121
977, 1651078534754280, 1651078534754418, 138
978, 1651078534768873, 1651078534768994, 121
979, 1651078534782532, 1651078534782685, 153
980, 1651078534797253, 1651078534797374, 121
981, 1651078534811016, 1651078534811153, 137
982, 1651078534825914, 1651078534826035, 121
983, 1651078534839759, 1651078534839896, 137
984, 1651078534854784, 1651078534854905, 121
985, 1651078534872104, 1651078534872240, 136
986, 1651078534886887, 1651078534887008, 121
987, 1651078534900564, 1651078534900701, 137
988, 1651078534918639, 1651078534918760, 121
989, 1651078534932263, 1651078534932400, 137
990, 1651078534946905, 1651078534947025, 120
991, 1651078534960601, 1651078534960737, 136
992, 1651078534975400, 1651078534975581, 181
993, 1651078534993975, 1651078534994114, 139
994, 1651078535011211, 1651078535011333, 122
995, 1651078535024828, 1651078535024965, 137
996, 1651078535039624, 1651078535039746, 122
997, 1651078535053342, 1651078535053480, 138
998, 1651078535068268, 1651078535068389, 121
999, 1651078535082088, 1651078535082225, 137

