0, 1651079263711729, 1651079263711992, 263
1, 1651079263732236, 1651079263732451, 215
2, 1651079263747919, 1651079263748498, 579
3, 1651079263763674, 1651079263764312, 638
4, 1651079263779498, 1651079263779604, 106
5, 1651079263796550, 1651079263796699, 149
6, 1651079263819432, 1651079263819566, 134
7, 1651079263833073, 1651079263833095, 22
8, 1651079263849016, 1651079263849163, 147
9, 1651079263865066, 1651079263865196, 130
10, 1651079263878822, 1651079263878842, 20
11, 1651079263895122, 1651079263895269, 147
12, 1651079263911504, 1651079263911636, 132
13, 1651079263927544, 1651079263928806, 1262
14, 1651079263944770, 1651079263944941, 171
15, 1651079263960027, 1651079263960268, 241
16, 1651079263973848, 1651079263974018, 170
17, 1651079263993405, 1651079263993655, 250
18, 1651079264008545, 1651079264008609, 64
19, 1651079264022681, 1651079264022744, 63
20, 1651079264041172, 1651079264041304, 132
21, 1651079264055928, 1651079264056092, 164
22, 1651079264072951, 1651079264073137, 186
23, 1651079264087894, 1651079264088051, 157
24, 1651079264104200, 1651079264104261, 61
25, 1651079264120651, 1651079264120782, 131
26, 1651079264134568, 1651079264134736, 168
27, 1651079264154115, 1651079264154687, 572
28, 1651079264169383, 1651079264169444, 61
29, 1651079264188837, 1651079264188900, 63
30, 1651079264202493, 1651079264202739, 246
31, 1651079264218518, 1651079264218537, 19
32, 1651079264235961, 1651079264236093, 132
33, 1651079264253044, 1651079264253211, 167
34, 1651079264269066, 1651079264269550, 484
35, 1651079264284219, 1651079264284381, 162
36, 1651079264299182, 1651079264299327, 145
37, 1651079264314491, 1651079264314620, 129
38, 1651079264328387, 1651079264328408, 21
39, 1651079264349263, 1651079264349321, 58
40, 1651079264362925, 1651079264362986, 61
41, 1651079264379264, 1651079264379521, 257
42, 1651079264396187, 1651079264396377, 190
43, 1651079264411071, 1651079264411091, 20
44, 1651079264426402, 1651079264426517, 115
45, 1651079264445923, 1651079264446054, 131
46, 1651079264461895, 1651079264462025, 130
47, 1651079264478052, 1651079264478182, 130
48, 1651079264670654, 1651079264670759, 105
49, 1651079264687563, 1651079264687720, 157
50, 1651079264703495, 1651079264703609, 114
51, 1651079264719517, 1651079264719630, 113
52, 1651079264735721, 1651079264735850, 129
53, 1651079264752049, 1651079264752179, 130
54, 1651079264771320, 1651079264771450, 130
55, 1651079264787249, 1651079264787352, 103
56, 1651079264803361, 1651079264803490, 129
57, 1651079264819636, 1651079264819766, 130
58, 1651079264836035, 1651079264836140, 105
59, 1651079264855372, 1651079264855501, 129
60, 1651079264871344, 1651079264871473, 129
61, 1651079264887504, 1651079264887632, 128
62, 1651079264903796, 1651079264903924, 128
63, 1651079264920278, 1651079264920407, 129
64, 1651079264939638, 1651079264939741, 103
65, 1651079264955714, 1651079264955825, 111
66, 1651079264971931, 1651079264972044, 113
67, 1651079264988283, 1651079264988411, 128
68, 1651079265006923, 1651079265007025, 102
69, 1651079265027332, 1651079265027443, 111
70, 1651079265043244, 1651079265043372, 128
71, 1651079265059286, 1651079265059415, 129
72, 1651079265075527, 1651079265075629, 102
73, 1651079265091883, 1651079265092009, 126
74, 1651079265111188, 1651079265111291, 103
75, 1651079265127152, 1651079265127264, 112
76, 1651079265143241, 1651079265143352, 111
77, 1651079265159514, 1651079265159641, 127
78, 1651079265175932, 1651079265176061, 129
79, 1651079265195267, 1651079265195372, 105
80, 1651079265211247, 1651079265211361, 114
81, 1651079265227410, 1651079265227429, 19
82, 1651079265242652, 1651079265242671, 19
83, 1651079265258010, 1651079265258030, 20
84, 1651079265276529, 1651079265276560, 31
85, 1651079265291506, 1651079265291527, 21
86, 1651079265306543, 1651079265306565, 22
87, 1651079265321697, 1651079265321717, 20
88, 1651079265339028, 1651079265339049, 21
89, 1651079265355355, 1651079265355375, 20
90, 1651079265370617, 1651079265370637, 20
91, 1651079265387746, 1651079265387766, 20
92, 1651079265402654, 1651079265402671, 17
93, 1651079265417616, 1651079265417637, 21
94, 1651079265443915, 1651079265443938, 23
95, 1651079265462444, 1651079265462465, 21
96, 1651079265477523, 1651079265477543, 20
97, 1651079265492587, 1651079265492607, 20
98, 1651079265507707, 1651079265507823, 116
99, 1651079265523076, 1651079265523192, 116
100, 1651079265538488, 1651079265538620, 132
101, 1651079265553891, 1651079265554049, 158
102, 1651079265571569, 1651079265571702, 133
103, 1651079265586820, 1651079265586952, 132
104, 1651079265604454, 1651079265604572, 118
105, 1651079265618797, 1651079265618910, 113
106, 1651079265633171, 1651079265633303, 132
107, 1651079265647531, 1651079265647661, 130
108, 1651079265661938, 1651079265662069, 131
109, 1651079265676330, 1651079265676461, 131
110, 1651079265690782, 1651079265690912, 130
111, 1651079265705220, 1651079265705324, 104
112, 1651079265719677, 1651079265719789, 112
113, 1651079265734180, 1651079265734311, 131
114, 1651079265748668, 1651079265748798, 130
115, 1651079265763202, 1651079265763333, 131
116, 1651079265777729, 1651079265777859, 130
117, 1651079265792325, 1651079265792455, 130
118, 1651079265806891, 1651079265807020, 129
119, 1651079265821504, 1651079265821608, 104
120, 1651079265836106, 1651079265836218, 112
121, 1651079265850801, 1651079265850820, 19
122, 1651079265868265, 1651079265868284, 19
123, 1651079265883379, 1651079265883399, 20
124, 1651079265901601, 1651079265901621, 20
125, 1651079265916566, 1651079265916587, 21
126, 1651079265931499, 1651079265931518, 19
127, 1651079265946387, 1651079265946405, 18
128, 1651079265961259, 1651079265961280, 21
129, 1651079265976178, 1651079265976199, 21
130, 1651079265991093, 1651079265991112, 19
131, 1651079266006056, 1651079266006075, 19
132, 1651079266021035, 1651079266021054, 19
133, 1651079266036007, 1651079266036026, 19
134, 1651079266051031, 1651079266051142, 111
135, 1651079266065524, 1651079266065636, 112
136, 1651079266080065, 1651079266080174, 109
137, 1651079266094622, 1651079266094733, 111
138, 1651079266109185, 1651079266109297, 112
139, 1651079266123795, 1651079266123815, 20
140, 1651079266138924, 1651079266138945, 21
141, 1651079266154097, 1651079266154117, 20
142, 1651079266171465, 1651079266171486, 21
143, 1651079266186458, 1651079266186478, 20
144, 1651079266204615, 1651079266204634, 19
145, 1651079266222120, 1651079266222141, 21
146, 1651079266236858, 1651079266236877, 19
147, 1651079266251600, 1651079266251715, 115
148, 1651079266266587, 1651079266266702, 115
149, 1651079266281610, 1651079266281740, 130
150, 1651079266296613, 1651079266296744, 131
151, 1651079266311656, 1651079266311786, 130
152, 1651079266326687, 1651079266326874, 187
153, 1651079266341394, 1651079266342285, 891
154, 1651079266354696, 1651079266354717, 21
155, 1651079266369528, 1651079266369549, 21
156, 1651079266384340, 1651079266384360, 20
157, 1651079266399188, 1651079266399208, 20
158, 1651079266414015, 1651079266414036, 21
159, 1651079266428877, 1651079266428897, 20
160, 1651079266443764, 1651079266443882, 118
161, 1651079266461717, 1651079266461985, 268
162, 1651079266474917, 1651079266475047, 130
163, 1651079266489902, 1651079266490033, 131
164, 1651079266504895, 1651079266505024, 129
165, 1651079266519872, 1651079266520002, 130
166, 1651079266534873, 1651079266534979, 106
167, 1651079266549837, 1651079266549967, 130
168, 1651079266564838, 1651079266564968, 130
169, 1651079266579826, 1651079266579955, 129
170, 1651079266594856, 1651079266594985, 129
171, 1651079266609864, 1651079266609994, 130
172, 1651079266624910, 1651079266625072, 162
173, 1651079266639605, 1651079266639751, 146
174, 1651079266653115, 1651079266653275, 160
175, 1651079266667864, 1651079266668606, 742
176, 1651079266681237, 1651079266681259, 22
177, 1651079266696086, 1651079266696105, 19
178, 1651079266714270, 1651079266714290, 20
179, 1651079266728950, 1651079266728972, 22
180, 1651079266743667, 1651079266743687, 20
181, 1651079266758389, 1651079266758503, 114
182, 1651079266773356, 1651079266773485, 129
183, 1651079266788354, 1651079266788484, 130
184, 1651079266803335, 1651079266803465, 130
185, 1651079266818356, 1651079266818501, 145
186, 1651079266844488, 1651079266844705, 217
187, 1651079266863338, 1651079266863595, 257
188, 1651079266878545, 1651079266878718, 173
189, 1651079266893827, 1651079266895074, 1247
190, 1651079266912444, 1651079266912463, 19
191, 1651079266927438, 1651079266927457, 19
192, 1651079266942428, 1651079266942447, 19
193, 1651079266957393, 1651079266957413, 20
194, 1651079266972395, 1651079266972414, 19
195, 1651079266987381, 1651079266987400, 19
196, 1651079267002400, 1651079267002419, 19
197, 1651079267017402, 1651079267017515, 113
198, 1651079267032557, 1651079267032726, 169
199, 1651079267048033, 1651079267048094, 61
200, 1651079267064368, 1651079267064498, 130
201, 1651079267077646, 1651079267077666, 20
202, 1651079267093205, 1651079267093477, 272
203, 1651079267106632, 1651079267106677, 45
204, 1651079267126019, 1651079267126164, 145
205, 1651079267140940, 1651079267141070, 130
206, 1651079267154067, 1651079267154088, 21
207, 1651079267169841, 1651079267169985, 144
208, 1651079267184859, 1651079267184879, 20
209, 1651079267200691, 1651079267200838, 147
210, 1651079267215784, 1651079267215918, 134
211, 1651079267229043, 1651079267230937, 1894
212, 1651079267244438, 1651079267244608, 170
213, 1651079267260462, 1651079267260645, 183
214, 1651079267276474, 1651079267276652, 178
215, 1651079267289851, 1651079267290095, 244
216, 1651079267309520, 1651079267309684, 164
217, 1651079267324778, 1651079267324965, 187
218, 1651079267337971, 1651079267338125, 154
219, 1651079267353780, 1651079267353949, 169
220, 1651079267369668, 1651079267370045, 377
221, 1651079267382888, 1651079267383053, 165
222, 1651079267398793, 1651079267399333, 540
223, 1651079267414218, 1651079267414534, 316
224, 1651079267429650, 1651079267430323, 673
225, 1651079267443005, 1651079267443159, 154
226, 1651079267458520, 1651079267459535, 1015
227, 1651079267477196, 1651079267477538, 342
228, 1651079267492416, 1651079267493051, 635
229, 1651079267505624, 1651079267505788, 164
230, 1651079267520929, 1651079267520950, 21
231, 1651079267536772, 1651079267536790, 18
232, 1651079267552666, 1651079267552815, 149
233, 1651079267567769, 1651079267568036, 267
234, 1651079267581041, 1651079267581205, 164
235, 1651079267596517, 1651079267596683, 166
236, 1651079267612003, 1651079267612163, 160
237, 1651079267625376, 1651079267625631, 255
238, 1651079267645692, 1651079267645860, 168
239, 1651079267661456, 1651079267661624, 168
240, 1651079267676694, 1651079267676856, 162
241, 1651079267689933, 1651079267690079, 146
242, 1651079267706787, 1651079267706929, 142
243, 1651079267721849, 1651079267721870, 21
244, 1651079267737256, 1651079267737383, 127
245, 1651079267750542, 1651079267750563, 21
246, 1651079267766018, 1651079267766147, 129
247, 1651079267779344, 1651079267779365, 21
248, 1651079267794885, 1651079267795013, 128
249, 1651079267811537, 1651079267811556, 19
250, 1651079267826790, 1651079267826919, 129
251, 1651079267839984, 1651079267840003, 19
252, 1651079267855266, 1651079267855394, 128
253, 1651079267868487, 1651079267868506, 19
254, 1651079267883835, 1651079267883986, 151
255, 1651079267897141, 1651079267898881, 1740
256, 1651079267912501, 1651079267912522, 21
257, 1651079267927967, 1651079267928098, 131
258, 1651079267941300, 1651079267941444, 144
259, 1651079267958417, 1651079267958559, 142
260, 1651079267973642, 1651079267973769, 127
261, 1651079267990324, 1651079267990344, 20
262, 1651079268006039, 1651079268006290, 251
263, 1651079268022300, 1651079268022318, 18
264, 1651079268037611, 1651079268037896, 285
265, 1651079268051763, 1651079268051919, 156
266, 1651079268067658, 1651079268068035, 377
267, 1651079268083575, 1651079268083744, 169
268, 1651079268099502, 1651079268099662, 160
269, 1651079268115507, 1651079268115676, 169
270, 1651079268130983, 1651079268131534, 551
271, 1651079268144358, 1651079268144513, 155
272, 1651079268163044, 1651079268163373, 329
273, 1651079268176308, 1651079268176462, 154
274, 1651079268191636, 1651079268191803, 167
275, 1651079268207017, 1651079268207170, 153
276, 1651079268222438, 1651079268223296, 858
277, 1651079268235741, 1651079268235893, 152
278, 1651079268255306, 1651079268256199, 893
279, 1651079268272164, 1651079268272318, 154
280, 1651079268288723, 1651079268289448, 725
281, 1651079268302288, 1651079268303589, 1301
282, 1651079268319831, 1651079268320312, 481
283, 1651079268333304, 1651079268333452, 148
284, 1651079268352752, 1651079268352914, 162
285, 1651079268366167, 1651079268366318, 151
286, 1651079268382056, 1651079268382212, 156
287, 1651079268398789, 1651079268399563, 774
288, 1651079268412637, 1651079268412788, 151
289, 1651079268431859, 1651079268431880, 21
290, 1651079268448472, 1651079268448549, 77
291, 1651079268463409, 1651079268463469, 60
292, 1651079268481426, 1651079268481484, 58
293, 1651079268500243, 1651079268500305, 62
294, 1651079268515387, 1651079268515447, 60
295, 1651079268533254, 1651079268533276, 22
296, 1651079268549804, 1651079268549862, 58
297, 1651079268563580, 1651079268563641, 61
298, 1651079268580989, 1651079268581051, 62
299, 1651079268596168, 1651079268596188, 20
300, 1651079268616166, 1651079268616435, 269
301, 1651079268629900, 1651079268629974, 74
302, 1651079268647335, 1651079268647398, 63
303, 1651079268664907, 1651079268664969, 62
304, 1651079268683289, 1651079268683349, 60
305, 1651079268704047, 1651079268704128, 81
306, 1651079268719474, 1651079268719535, 61
307, 1651079268734373, 1651079268734433, 60
308, 1651079268749930, 1651079268749989, 59
309, 1651079268763807, 1651079268763868, 61
310, 1651079268784701, 1651079268784834, 133
311, 1651079268798394, 1651079268800345, 1951
312, 1651079268814395, 1651079268814548, 153
313, 1651079268831192, 1651079268831887, 695
314, 1651079268845137, 1651079268845301, 164
315, 1651079268864445, 1651079268864625, 180
316, 1651079268881295, 1651079268881441, 146
317, 1651079268898714, 1651079268898857, 143
318, 1651079268914183, 1651079268914309, 126
319, 1651079268927936, 1651079268927956, 20
320, 1651079268944275, 1651079268944420, 145
321, 1651079268962135, 1651079268962263, 128
322, 1651079268976923, 1651079268977166, 243
323, 1651079268994650, 1651079268994811, 161
324, 1651079269011446, 1651079269011609, 163
325, 1651079269025309, 1651079269025561, 252
326, 1651079269041127, 1651079269044967, 3840
327, 1651079269061399, 1651079269061570, 171
328, 1651079269077853, 1651079269078678, 825
329, 1651079269091535, 1651079269093511, 1976
330, 1651079269107557, 1651079269107713, 156
331, 1651079269123935, 1651079269124418, 483
332, 1651079269140418, 1651079269140599, 181
333, 1651079269157694, 1651079269157839, 145
334, 1651079269175433, 1651079269175575, 142
335, 1651079269191099, 1651079269191228, 129
336, 1651079269204933, 1651079269204949, 16
337, 1651079269222280, 1651079269222341, 61
338, 1651079269239666, 1651079269239727, 61
339, 1651079269257984, 1651079269258044, 60
340, 1651079269275472, 1651079269275530, 58
341, 1651079269291020, 1651079269291078, 58
342, 1651079269304917, 1651079269304978, 61
343, 1651079269322544, 1651079269322674, 130
344, 1651079269338731, 1651079269338875, 144
345, 1651079269356546, 1651079269356691, 145
346, 1651079269372345, 1651079269372473, 128
347, 1651079269386177, 1651079269386355, 178
348, 1651079269402835, 1651079269402964, 129
349, 1651079269416550, 1651079269416790, 240
350, 1651079269437493, 1651079269437658, 165
351, 1651079269453925, 1651079269454640, 715
352, 1651079269467543, 1651079269467564, 21
353, 1651079269483760, 1651079269483906, 146
354, 1651079269499392, 1651079269499653, 261
355, 1651079269513253, 1651079269513331, 78
356, 1651079269531143, 1651079269531205, 62
357, 1651079269548920, 1651079269548963, 43
358, 1651079269568316, 1651079269568377, 61
359, 1651079269583743, 1651079269583804, 61
360, 1651079269598795, 1651079269598816, 21
361, 1651079269615620, 1651079269615750, 130
362, 1651079269632947, 1651079269634799, 1852
363, 1651079269648827, 1651079269648888, 61
364, 1651079269666064, 1651079269666194, 130
365, 1651079269679882, 1651079269679902, 20
366, 1651079269696860, 1651079269696989, 129
367, 1651079269714261, 1651079269716759, 2498
368, 1651079269730323, 1651079269730476, 153
369, 1651079269755086, 1651079269755946, 860
370, 1651079269781553, 1651079269781971, 418
371, 1651079269799994, 1651079269800159, 165
372, 1651079269816548, 1651079269816850, 302
373, 1651079269832116, 1651079269832295, 179
374, 1651079269849486, 1651079269849641, 155
375, 1651079269867045, 1651079269867824, 779
376, 1651079269885547, 1651079269887451, 1904
377, 1651079269902434, 1651079269902589, 155
378, 1651079269919444, 1651079269919711, 267
379, 1651079269934384, 1651079269934539, 155
380, 1651079269951135, 1651079269951996, 861
381, 1651079269966839, 1651079269966973, 134
382, 1651079269984220, 1651079269986449, 2229
383, 1651079270001440, 1651079270001501, 61
384, 1651079270017678, 1651079270017805, 127
385, 1651079270031477, 1651079270031643, 166
386, 1651079270049013, 1651079270049446, 433
387, 1651079270066258, 1651079270076093, 9835
388, 1651079270083000, 1651079270084290, 1290
389, 1651079270100063, 1651079270100084, 21
390, 1651079270115220, 1651079270115364, 144
391, 1651079270128954, 1651079270129070, 116
392, 1651079270145264, 1651079270145403, 139
393, 1651079270163923, 1651079270164027, 104
394, 1651079270179812, 1651079270179950, 138
395, 1651079270195859, 1651079270196025, 166
396, 1651079270212063, 1651079270212168, 105
397, 1651079270227848, 1651079270227984, 136
398, 1651079270243715, 1651079270243851, 136
399, 1651079270262728, 1651079270262862, 134
400, 1651079270280416, 1651079270280565, 149
401, 1651079270297153, 1651079270297288, 135
402, 1651079270312757, 1651079270312861, 104
403, 1651079270328515, 1651079270328665, 150
404, 1651079270359740, 1651079270359808, 68
405, 1651079270373718, 1651079270373854, 136
406, 1651079270389718, 1651079270389820, 102
407, 1651079270405905, 1651079270406041, 136
408, 1651079270422254, 1651079270422387, 133
409, 1651079270441674, 1651079270441810, 136
410, 1651079270457592, 1651079270457694, 102
411, 1651079270473638, 1651079270473771, 133
412, 1651079270489887, 1651079270489987, 100
413, 1651079270506349, 1651079270506485, 136
414, 1651079270525906, 1651079270526007, 101
415, 1651079270541931, 1651079270542066, 135
416, 1651079270558139, 1651079270558241, 102
417, 1651079270574511, 1651079270574647, 136
418, 1651079270590952, 1651079270591088, 136
419, 1651079270610444, 1651079270610549, 105
420, 1651079270628009, 1651079270628144, 135
421, 1651079270644628, 1651079270644763, 135
422, 1651079270660151, 1651079270660253, 102
423, 1651079270675825, 1651079270675959, 134
424, 1651079270694712, 1651079270694846, 134
425, 1651079270710067, 1651079270710170, 103
426, 1651079270725548, 1651079270725682, 134
427, 1651079270741118, 1651079270741223, 105
428, 1651079270758794, 1651079270758907, 113
429, 1651079270776710, 1651079270776730, 20
430, 1651079270794446, 1651079270794506, 60
431, 1651079270810677, 1651079270810739, 62
432, 1651079270824495, 1651079270824649, 154
433, 1651079270840279, 1651079270840299, 20
434, 1651079270860420, 1651079270860480, 60
435, 1651079270878764, 1651079270878823, 59
436, 1651079270892280, 1651079270892343, 63
437, 1651079270908319, 1651079270908441, 122
438, 1651079270922015, 1651079270922190, 175
439, 1651079270938776, 1651079270939443, 667
440, 1651079270954495, 1651079270954557, 62
441, 1651079270973020, 1651079270973276, 256
442, 1651079270986695, 1651079270986864, 169
443, 1651079271003971, 1651079271004143, 172
444, 1651079271017863, 1651079271018104, 241
445, 1651079271034198, 1651079271034367, 169
446, 1651079271058334, 1651079271059453, 1119
447, 1651079271071926, 1651079271074631, 2705
448, 1651079271086834, 1651079271086895, 61
449, 1651079271102975, 1651079271103096, 121
450, 1651079271117952, 1651079271118090, 138
451, 1651079271133631, 1651079271133650, 19
452, 1651079271154015, 1651079271154140, 125
453, 1651079271167629, 1651079271167796, 167
454, 1651079271184862, 1651079271184884, 22
455, 1651079271202277, 1651079271202336, 59
456, 1651079271216164, 1651079271216227, 63
457, 1651079271232781, 1651079271232954, 173
458, 1651079271256435, 1651079271256626, 191
459, 1651079271270073, 1651079271270348, 275
460, 1651079271285988, 1651079271286159, 171
461, 1651079271307519, 1651079271307715, 196
462, 1651079271334772, 1651079271334949, 177
463, 1651079271349746, 1651079271350872, 1126
464, 1651079271367432, 1651079271367594, 162
465, 1651079271385876, 1651079271386321, 445
466, 1651079271401636, 1651079271402142, 506
467, 1651079271415007, 1651079271415169, 162
468, 1651079271431245, 1651079271432022, 777
469, 1651079271445972, 1651079271446144, 172
470, 1651079271462297, 1651079271463298, 1001
471, 1651079271477146, 1651079271477322, 176
472, 1651079271492790, 1651079271492852, 62
473, 1651079271508509, 1651079271508644, 135
474, 1651079271522071, 1651079271522092, 21
475, 1651079271541169, 1651079271541228, 59
476, 1651079271554632, 1651079271554772, 140
477, 1651079271570026, 1651079271570046, 20
478, 1651079271586342, 1651079271586401, 59
479, 1651079271601092, 1651079271601216, 124
480, 1651079271614649, 1651079271614668, 19
481, 1651079271630280, 1651079271630301, 21
482, 1651079271646775, 1651079271646833, 58
483, 1651079271661695, 1651079271661753, 58
484, 1651079271675337, 1651079271675399, 62
485, 1651079271693247, 1651079271693372, 125
486, 1651079271708009, 1651079271708180, 171
487, 1651079271727895, 1651079271728071, 176
488, 1651079271742553, 1651079271744107, 1554
489, 1651079271756032, 1651079271756092, 60
490, 1651079271771574, 1651079271771695, 121
491, 1651079271785053, 1651079271964562, 179509
492, 1651079271970647, 1651079271979976, 9329
493, 1651079271985030, 1651079271993050, 8020
494, 1651079272001546, 1651079272001567, 21
495, 1651079272017888, 1651079272018722, 834
496, 1651079272032690, 1651079272033497, 807
497, 1651079272046217, 1651079272046386, 169
498, 1651079272062710, 1651079272063575, 865
499, 1651079272080943, 1651079272081116, 173
500, 1651079272094335, 1651079272094497, 162
501, 1651079272109788, 1651079272109917, 129
502, 1651079272123147, 1651079272123380, 233
503, 1651079272136678, 1651079272138283, 1605
504, 1651079272153314, 1651079272153488, 174
505, 1651079272169723, 1651079272170580, 857
506, 1651079272184626, 1651079272184786, 160
507, 1651079272200347, 1651079272200734, 387
508, 1651079272213944, 1651079272214114, 170
509, 1651079272229745, 1651079272230547, 802
510, 1651079272243435, 1651079272243521, 86
511, 1651079272264409, 1651079272264545, 136
512, 1651079272279836, 1651079272279900, 64
513, 1651079272295255, 1651079272295380, 125
514, 1651079272308636, 1651079272308658, 22
515, 1651079272324909, 1651079272324969, 60
516, 1651079272339609, 1651079272339669, 60
517, 1651079272355955, 1651079272356071, 116
518, 1651079272370418, 1651079272370550, 132
519, 1651079272384920, 1651079272385054, 134
520, 1651079272399417, 1651079272399546, 129
521, 1651079272413958, 1651079272414062, 104
522, 1651079272428486, 1651079272428613, 127
523, 1651079272443077, 1651079272443097, 20
524, 1651079272457643, 1651079272457663, 20
525, 1651079272472254, 1651079272472274, 20
526, 1651079272489980, 1651079272490000, 20
527, 1651079272504391, 1651079272504410, 19
528, 1651079272518854, 1651079272518967, 113
529, 1651079272533310, 1651079272533424, 114
530, 1651079272547814, 1651079272547943, 129
531, 1651079272564432, 1651079272564577, 145
532, 1651079272579996, 1651079272580126, 130
533, 1651079272594342, 1651079272594472, 130
534, 1651079272608742, 1651079272608871, 129
535, 1651079272623144, 1651079272623273, 129
536, 1651079272637565, 1651079272637694, 129
537, 1651079272652030, 1651079272652160, 130
538, 1651079272667265, 1651079272667394, 129
539, 1651079272682556, 1651079272682685, 129
540, 1651079272697856, 1651079272697986, 130
541, 1651079272713147, 1651079272713276, 129
542, 1651079272728481, 1651079272728624, 143
543, 1651079272743040, 1651079272743168, 128
544, 1651079272757633, 1651079272757736, 103
545, 1651079272772217, 1651079272772346, 129
546, 1651079272789952, 1651079272790082, 130
547, 1651079272804412, 1651079272804552, 140
548, 1651079272818867, 1651079272818996, 129
549, 1651079272833368, 1651079272833498, 130
550, 1651079272847862, 1651079272847990, 128
551, 1651079272864523, 1651079272864662, 139
552, 1651079272889780, 1651079272889910, 130
553, 1651079272909839, 1651079272909969, 130
554, 1651079272928782, 1651079272928914, 132
555, 1651079272946562, 1651079272946694, 132
556, 1651079272961060, 1651079272961194, 134
557, 1651079272975553, 1651079272975685, 132
558, 1651079272990060, 1651079272990164, 104
559, 1651079273004613, 1651079273004724, 111
560, 1651079273019160, 1651079273019271, 111
561, 1651079273033747, 1651079273033890, 143
562, 1651079273048394, 1651079273048506, 112
563, 1651079273063094, 1651079273063223, 129
564, 1651079273077783, 1651079273077914, 131
565, 1651079273092527, 1651079273092643, 116
566, 1651079273107264, 1651079273107377, 113
567, 1651079273122012, 1651079273122124, 112
568, 1651079273136811, 1651079273136922, 111
569, 1651079273155993, 1651079273156157, 164
570, 1651079273170746, 1651079273172207, 1461
571, 1651079273187376, 1651079273188136, 760
572, 1651079273201872, 1651079273201894, 22
573, 1651079273216062, 1651079273216082, 20
574, 1651079273230237, 1651079273230257, 20
575, 1651079273244449, 1651079273244469, 20
576, 1651079273258664, 1651079273258684, 20
577, 1651079273272912, 1651079273272932, 20
578, 1651079273287128, 1651079273287148, 20
579, 1651079273301350, 1651079273301370, 20
580, 1651079273315673, 1651079273315785, 112
581, 1651079273330345, 1651079273330612, 267
582, 1651079273343527, 1651079273344119, 592
583, 1651079273356766, 1651079273356897, 131
584, 1651079273371917, 1651079273372048, 131
585, 1651079273387050, 1651079273387180, 130
586, 1651079273402148, 1651079273402277, 129
587, 1651079273420605, 1651079273420737, 132
588, 1651079273435541, 1651079273435703, 162
589, 1651079273450053, 1651079273451455, 1402
590, 1651079273463206, 1651079273463628, 422
591, 1651079273478583, 1651079273478605, 22
592, 1651079273492801, 1651079273492823, 22
593, 1651079273507061, 1651079273507081, 20
594, 1651079273521299, 1651079273521319, 20
595, 1651079273535575, 1651079273535597, 22
596, 1651079273549827, 1651079273549847, 20
597, 1651079273564116, 1651079273564136, 20
598, 1651079273578393, 1651079273578413, 20
599, 1651079273592677, 1651079273592697, 20
600, 1651079273607004, 1651079273607024, 20
601, 1651079273621306, 1651079273621328, 22
602, 1651079273635646, 1651079273635666, 20
603, 1651079273649967, 1651079273649987, 20
604, 1651079273667672, 1651079273667692, 20
605, 1651079273681826, 1651079273681845, 19
606, 1651079273696016, 1651079273696129, 113
607, 1651079273710520, 1651079273710790, 270
608, 1651079273723590, 1651079273723870, 280
609, 1651079273736864, 1651079273736995, 131
610, 1651079273751930, 1651079273752062, 132
611, 1651079273766947, 1651079273767077, 130
612, 1651079273781977, 1651079273782082, 105
613, 1651079273796606, 1651079273796804, 198
614, 1651079273812839, 1651079273813007, 168
615, 1651079273827576, 1651079273827744, 168
616, 1651079273843115, 1651079273843278, 163
617, 1651079273861996, 1651079273862693, 697
618, 1651079273876001, 1651079273876165, 164
619, 1651079273891301, 1651079273892050, 749
620, 1651079273904423, 1651079273904595, 172
621, 1651079273920493, 1651079273921194, 701
622, 1651079273935116, 1651079273935176, 60
623, 1651079273950483, 1651079273950614, 131
624, 1651079273963669, 1651079273963689, 20
625, 1651079273979874, 1651079273980019, 145
626, 1651079273994613, 1651079273994742, 129
627, 1651079274010874, 1651079274011016, 142
628, 1651079274025706, 1651079274025728, 22
629, 1651079274045159, 1651079274045218, 59
630, 1651079274059694, 1651079274059754, 60
631, 1651079274074942, 1651079274075000, 58
632, 1651079274088150, 1651079274088211, 61
633, 1651079274103458, 1651079274103591, 133
634, 1651079274117568, 1651079274119901, 2333
635, 1651079274132004, 1651079274132158, 154
636, 1651079274148230, 1651079274148402, 172
637, 1651079274163012, 1651079274163520, 508
638, 1651079274176250, 1651079274176407, 157
639, 1651079274192570, 1651079274192743, 173
640, 1651079274210540, 1651079274211518, 978
641, 1651079274226567, 1651079274226676, 109
642, 1651079274241542, 1651079274241656, 114
643, 1651079274256550, 1651079274256653, 103
644, 1651079274280742, 1651079274280868, 126
645, 1651079274307127, 1651079274307232, 105
646, 1651079274327340, 1651079274327480, 140
647, 1651079274345881, 1651079274345986, 105
648, 1651079274361024, 1651079274361162, 138
649, 1651079274376252, 1651079274376356, 104
650, 1651079274391515, 1651079274391651, 136
651, 1651079274406871, 1651079274406975, 104
652, 1651079274453611, 1651079274453747, 136
653, 1651079274468703, 1651079274468805, 102
654, 1651079274483882, 1651079274484019, 137
655, 1651079274499103, 1651079274499204, 101
656, 1651079274514418, 1651079274514554, 136
657, 1651079274529779, 1651079274529879, 100
658, 1651079274545245, 1651079274545380, 135
659, 1651079274563859, 1651079274563995, 136
660, 1651079274579085, 1651079274579186, 101
661, 1651079274594369, 1651079274594504, 135
662, 1651079274609700, 1651079274609801, 101
663, 1651079274625113, 1651079274625249, 136
664, 1651079274640566, 1651079274640701, 135
665, 1651079274658372, 1651079274658508, 136
666, 1651079274675685, 1651079274675822, 137
667, 1651079274691998, 1651079274692100, 102
668, 1651079274707158, 1651079274707294, 136
669, 1651079274722407, 1651079274722507, 100
670, 1651079274737727, 1651079274737862, 135
671, 1651079274753076, 1651079274753177, 101
672, 1651079274771653, 1651079274771788, 135
673, 1651079274786769, 1651079274786905, 136
674, 1651079274801970, 1651079274802073, 103
675, 1651079274817757, 1651079274817868, 111
676, 1651079274833655, 1651079274833791, 136
677, 1651079274849617, 1651079274849721, 104
678, 1651079274865703, 1651079274865839, 136
679, 1651079274884802, 1651079274884938, 136
680, 1651079274900483, 1651079274900602, 119
681, 1651079274916302, 1651079274916437, 135
682, 1651079274932170, 1651079274932273, 103
683, 1651079274948162, 1651079274948297, 135
684, 1651079274964225, 1651079274964360, 135
685, 1651079274983702, 1651079274983836, 134
686, 1651079275001468, 1651079275001569, 101
687, 1651079275017751, 1651079275017851, 100
688, 1651079275032904, 1651079275033040, 136
689, 1651079275048101, 1651079275048201, 100
690, 1651079275063388, 1651079275063521, 133
691, 1651079275078714, 1651079275078815, 101
692, 1651079275097258, 1651079275097392, 134
693, 1651079275112367, 1651079275112469, 102
694, 1651079275127576, 1651079275127712, 136
695, 1651079275142848, 1651079275142948, 100
696, 1651079275158178, 1651079275158313, 135
697, 1651079275173570, 1651079275173671, 101
698, 1651079275189000, 1651079275189135, 135
699, 1651079275207634, 1651079275207740, 106
700, 1651079275222834, 1651079275222944, 110
701, 1651079275238117, 1651079275238251, 134
702, 1651079275253434, 1651079275253536, 102
703, 1651079275268854, 1651079275268989, 135
704, 1651079275284310, 1651079275284412, 102
705, 1651079275302100, 1651079275302233, 133
706, 1651079275319441, 1651079275319576, 135
707, 1651079275335722, 1651079275335822, 100
708, 1651079275350906, 1651079275351040, 134
709, 1651079275366130, 1651079275366231, 101
710, 1651079275385531, 1651079275385642, 111
711, 1651079275401285, 1651079275401306, 21
712, 1651079275419796, 1651079275419815, 19
713, 1651079275434765, 1651079275434784, 19
714, 1651079275449791, 1651079275449812, 21
715, 1651079275464914, 1651079275464952, 38
716, 1651079275480176, 1651079275480196, 20
717, 1651079275495480, 1651079275495499, 19
718, 1651079275510908, 1651079275510928, 20
719, 1651079275529326, 1651079275529347, 21
720, 1651079275544439, 1651079275544457, 18
721, 1651079275559651, 1651079275559671, 20
722, 1651079275577070, 1651079275577088, 18
723, 1651079275593467, 1651079275593647, 180
724, 1651079275609792, 1651079275610635, 843
725, 1651079275627810, 1651079275627964, 154
726, 1651079275641643, 1651079275643048, 1405
727, 1651079275658670, 1651079275658774, 104
728, 1651079275674780, 1651079275674914, 134
729, 1651079275691024, 1651079275691158, 134
730, 1651079275709643, 1651079275709746, 103
731, 1651079275725462, 1651079275725573, 111
732, 1651079275741472, 1651079275741607, 135
733, 1651079275757632, 1651079275757767, 135
734, 1651079275773928, 1651079275774031, 103
735, 1651079275802018, 1651079275802124, 106
736, 1651079275821126, 1651079275821262, 136
737, 1651079275845782, 1651079275845918, 136
738, 1651079275866452, 1651079275866558, 106
739, 1651079275882834, 1651079275882971, 137
740, 1651079275902323, 1651079275902460, 137
741, 1651079275918297, 1651079275918400, 103
742, 1651079275934399, 1651079275934536, 137
743, 1651079275950694, 1651079275950798, 104
744, 1651079275967114, 1651079275967225, 111
745, 1651079275986666, 1651079275986803, 137
746, 1651079276002670, 1651079276002805, 135
747, 1651079276018852, 1651079276018989, 137
748, 1651079276037275, 1651079276037378, 103
749, 1651079276054790, 1651079276054927, 137
750, 1651079276074200, 1651079276074335, 135
751, 1651079276090063, 1651079276090166, 103
752, 1651079276106111, 1651079276106246, 135
753, 1651079276122292, 1651079276122395, 103
754, 1651079276138680, 1651079276138793, 113
755, 1651079276158109, 1651079276158244, 135
756, 1651079276174056, 1651079276174159, 103
757, 1651079276190125, 1651079276190261, 136
758, 1651079276206379, 1651079276206514, 135
759, 1651079276222794, 1651079276222897, 103
760, 1651079276242265, 1651079276242377, 112
761, 1651079276258258, 1651079276258393, 135
762, 1651079276274349, 1651079276274451, 102
763, 1651079276290636, 1651079276290749, 113
764, 1651079276307048, 1651079276307184, 136
765, 1651079276326576, 1651079276326711, 135
766, 1651079276342559, 1651079276342691, 132
767, 1651079276358216, 1651079276358352, 136
768, 1651079276376097, 1651079276376198, 101
769, 1651079276392988, 1651079276393122, 134
770, 1651079276411935, 1651079276412036, 101
771, 1651079276427299, 1651079276427433, 134
772, 1651079276442818, 1651079276442919, 101
773, 1651079276458431, 1651079276458565, 134
774, 1651079276474193, 1651079276474294, 101
775, 1651079276493153, 1651079276493254, 101
776, 1651079276508595, 1651079276508730, 135
777, 1651079276524152, 1651079276524253, 101
778, 1651079276539804, 1651079276539938, 134
779, 1651079276555610, 1651079276555711, 101
780, 1651079276574630, 1651079276574766, 136
781, 1651079276590118, 1651079276590220, 102
782, 1651079276605696, 1651079276605831, 135
783, 1651079276621421, 1651079276621523, 102
784, 1651079276637245, 1651079276637355, 110
785, 1651079276656324, 1651079276656433, 109
786, 1651079276671853, 1651079276671989, 136
787, 1651079276687479, 1651079276687580, 101
788, 1651079276705361, 1651079276705471, 110
789, 1651079276722246, 1651079276722381, 135
790, 1651079276741194, 1651079276741295, 101
791, 1651079276756561, 1651079276756696, 135
792, 1651079276772079, 1651079276772179, 100
793, 1651079276787683, 1651079276787817, 134
794, 1651079276803447, 1651079276803547, 100
795, 1651079276822524, 1651079276822658, 134
796, 1651079276838021, 1651079276838122, 101
797, 1651079276853670, 1651079276853804, 134
798, 1651079276869408, 1651079276869509, 101
799, 1651079276885302, 1651079276885435, 133
800, 1651079276904348, 1651079276904449, 101
801, 1651079276919820, 1651079276919953, 133
802, 1651079276935369, 1651079276935472, 103
803, 1651079276951078, 1651079276951213, 135
804, 1651079276966911, 1651079276967012, 101
805, 1651079276985948, 1651079276986082, 134
806, 1651079277001470, 1651079277001571, 101
807, 1651079277017069, 1651079277017203, 134
808, 1651079277034941, 1651079277035042, 101
809, 1651079277051792, 1651079277051901, 109
810, 1651079277070752, 1651079277070887, 135
811, 1651079277086116, 1651079277086251, 135
812, 1651079277101658, 1651079277101758, 100
813, 1651079277117290, 1651079277117390, 100
814, 1651079277133016, 1651079277133150, 134
815, 1651079277151999, 1651079277152133, 134
816, 1651079277167410, 1651079277167510, 100
817, 1651079277182971, 1651079277183112, 141
818, 1651079277198662, 1651079277198772, 110
819, 1651079277214472, 1651079277214492, 20
820, 1651079277232885, 1651079277232947, 62
821, 1651079277246569, 1651079277246632, 63
822, 1651079277262795, 1651079277262855, 60
823, 1651079277276588, 1651079277276651, 63
824, 1651079277293029, 1651079277293088, 59
825, 1651079277306964, 1651079277307023, 59
826, 1651079277330976, 1651079277331133, 157
827, 1651079277346895, 1651079277347648, 753
828, 1651079277362011, 1651079277362945, 934
829, 1651079277380320, 1651079277380475, 155
830, 1651079277401372, 1651079277401503, 131
831, 1651079277416489, 1651079277416659, 170
832, 1651079277439548, 1651079277440976, 1428
833, 1651079277453160, 1651079277454292, 1132
834, 1651079277468602, 1651079277468663, 61
835, 1651079277485234, 1651079277485293, 59
836, 1651079277499060, 1651079277499121, 61
837, 1651079277515422, 1651079277515485, 63
838, 1651079277531897, 1651079277531956, 59
839, 1651079277545604, 1651079277545663, 59
840, 1651079277562959, 1651079277563019, 60
841, 1651079277578721, 1651079277578779, 58
842, 1651079277592664, 1651079277592725, 61
843, 1651079277616254, 1651079277616316, 62
844, 1651079277629851, 1651079277629914, 63
845, 1651079277646371, 1651079277646429, 58
846, 1651079277660092, 1651079277660153, 61
847, 1651079277676890, 1651079277676952, 62
848, 1651079277692934, 1651079277692997, 63
849, 1651079277708733, 1651079277708756, 23
850, 1651079277724911, 1651079277724931, 20
851, 1651079277750006, 1651079277750027, 21
852, 1651079277765869, 1651079277765890, 21
853, 1651079277784911, 1651079277784930, 19
854, 1651079277802564, 1651079277802744, 180
855, 1651079277819747, 1651079277819851, 104
856, 1651079277835891, 1651079277836022, 131
857, 1651079277849701, 1651079277849722, 21
858, 1651079277866005, 1651079277866134, 129
859, 1651079277882062, 1651079277882082, 20
860, 1651079277898034, 1651079277898165, 131
861, 1651079277911755, 1651079277911776, 21
862, 1651079277927959, 1651079277928092, 133
863, 1651079277944238, 1651079277944260, 22
864, 1651079277960683, 1651079277960744, 61
865, 1651079277974706, 1651079277974766, 60
866, 1651079277993834, 1651079277993892, 58
867, 1651079278010719, 1651079278010863, 144
868, 1651079278027772, 1651079278027793, 21
869, 1651079278044020, 1651079278044101, 81
870, 1651079278057894, 1651079278057955, 61
871, 1651079278077158, 1651079278077287, 129
872, 1651079278090809, 1651079278090829, 20
873, 1651079278106925, 1651079278107054, 129
874, 1651079278120750, 1651079278120993, 243
875, 1651079278136989, 1651079278137154, 165
876, 1651079278154587, 1651079278154827, 240
877, 1651079278173632, 1651079278174001, 369
878, 1651079278187327, 1651079278188981, 1654
879, 1651079278205992, 1651079278206148, 156
880, 1651079278223160, 1651079278223530, 370
881, 1651079278238807, 1651079278240317, 1510
882, 1651079278252677, 1651079278261285, 8608
883, 1651079278269202, 1651079278270831, 1629
884, 1651079278286965, 1651079278287753, 788
885, 1651079278302738, 1651079278303404, 666
886, 1651079278316677, 1651079278316831, 154
887, 1651079278336355, 1651079278336517, 162
888, 1651079278352389, 1651079278352547, 158
889, 1651079278368211, 1651079278368364, 153
890, 1651079278384228, 1651079278384715, 487
891, 1651079278397981, 1651079278398134, 153
892, 1651079278414210, 1651079278414786, 576
893, 1651079278428102, 1651079278428255, 153
894, 1651079278446740, 1651079278446989, 249
895, 1651079278460424, 1651079278462071, 1647
896, 1651079278478161, 1651079278478878, 717
897, 1651079278493868, 1651079278494296, 428
898, 1651079278507824, 1651079278507977, 153
899, 1651079278527421, 1651079278527708, 287
900, 1651079278543654, 1651079278544154, 500
901, 1651079278562922, 1651079278564089, 1167
902, 1651079278576585, 1651079278576737, 152
903, 1651079278592606, 1651079278592774, 168
904, 1651079278608758, 1651079278608909, 151
905, 1651079278625044, 1651079278625213, 169
906, 1651079278641408, 1651079278641560, 152
907, 1651079278660120, 1651079278660289, 169
908, 1651079278676171, 1651079278676324, 153
909, 1651079278692391, 1651079278692845, 454
910, 1651079278709378, 1651079278711634, 2256
911, 1651079278726911, 1651079278727498, 587
912, 1651079278742509, 1651079278743787, 1278
913, 1651079278756435, 1651079278756598, 163
914, 1651079278775764, 1651079278775916, 152
915, 1651079278791765, 1651079278792891, 1126
916, 1651079278805546, 1651079278805698, 152
917, 1651079278821783, 1651079278822140, 357
918, 1651079278846080, 1651079278846249, 169
919, 1651079278868374, 1651079278868549, 175
920, 1651079278893551, 1651079278893709, 158
921, 1651079278907286, 1651079278908997, 1711
922, 1651079278927388, 1651079278927408, 20
923, 1651079278943718, 1651079278943847, 129
924, 1651079278957665, 1651079278957830, 165
925, 1651079278977495, 1651079278977945, 450
926, 1651079278991207, 1651079278991267, 60
927, 1651079279007978, 1651079279008107, 129
928, 1651079279024910, 1651079279025101, 191
929, 1651079279039785, 1651079279039940, 155
930, 1651079279057221, 1651079279057390, 169
931, 1651079279076098, 1651079279076261, 163
932, 1651079279090855, 1651079279090916, 61
933, 1651079279107519, 1651079279107653, 134
934, 1651079279122546, 1651079279123882, 1336
935, 1651079279140569, 1651079279140985, 416
936, 1651079279158957, 1651079279159061, 104
937, 1651079279174919, 1651079279175032, 113
938, 1651079279191070, 1651079279191207, 137
939, 1651079279207342, 1651079279207447, 105
940, 1651079279225990, 1651079279226105, 115
941, 1651079279245477, 1651079279245498, 21
942, 1651079279261441, 1651079279261459, 18
943, 1651079279275282, 1651079279275302, 20
944, 1651079279290941, 1651079279290959, 18
945, 1651079279492218, 1651079279492626, 408
946, 1651079279505794, 1651079279507632, 1838
947, 1651079279523170, 1651079279523901, 731
948, 1651079279538675, 1651079279539586, 911
949, 1651079279552405, 1651079279552467, 62
950, 1651079279569217, 1651079279569279, 62
951, 1651079279589312, 1651079279589440, 128
952, 1651079279603056, 1651079279605830, 2774
953, 1651079279618657, 1651079279618828, 171
954, 1651079279634997, 1651079279635059, 62
955, 1651079279651943, 1651079279652066, 123
956, 1651079279670274, 1651079279670338, 64
957, 1651079279690066, 1651079279690188, 122
958, 1651079279703629, 1651079279703648, 19
959, 1651079279720800, 1651079279720935, 135
960, 1651079279736414, 1651079279736547, 133
961, 1651079279750263, 1651079279750284, 21
962, 1651079279770664, 1651079279770722, 58
963, 1651079279786203, 1651079279786262, 59
964, 1651079279799969, 1651079279800032, 63
965, 1651079279816800, 1651079279816926, 126
966, 1651079279830707, 1651079279830726, 19
967, 1651079279850289, 1651079279850428, 139
968, 1651079279869066, 1651079279869188, 122
969, 1651079279883860, 1651079279883923, 63
970, 1651079279900446, 1651079279900632, 186
971, 1651079279916700, 1651079279916903, 203
972, 1651079279933064, 1651079279933235, 171
973, 1651079279952642, 1651079279952813, 171
974, 1651079279967390, 1651079279967528, 138
975, 1651079279984625, 1651079279984759, 134
976, 1651079280000365, 1651079280000387, 22
977, 1651079280017841, 1651079280017901, 60
978, 1651079280033752, 1651079280033811, 59
979, 1651079280054223, 1651079280054284, 61
980, 1651079280071057, 1651079280071116, 59
981, 1651079280086539, 1651079280086600, 61
982, 1651079280103168, 1651079280103289, 121
983, 1651079280118211, 1651079280118383, 172
984, 1651079280136829, 1651079280136949, 120
985, 1651079280150392, 1651079280150414, 22
986, 1651079280167561, 1651079280167620, 59
987, 1651079280183251, 1651079280183311, 60
988, 1651079280197139, 1651079280197203, 64
989, 1651079280214197, 1651079280214260, 63
990, 1651079280237604, 1651079280237724, 120
991, 1651079280252308, 1651079280252444, 136
992, 1651079280269298, 1651079280269535, 237
993, 1651079280289801, 1651079280289939, 138
994, 1651079280305256, 1651079280305383, 127
995, 1651079280319972, 1651079280320095, 123
996, 1651079280333724, 1651079280334642, 918
997, 1651079280351290, 1651079280351309, 19
998, 1651079280371466, 1651079280371603, 137
999, 1651079280386678, 1651079280386933, 255
