0, 1651079263711729, 1651079263711881, 152
1, 1651079263732236, 1651079263732351, 115
2, 1651079263747919, 1651079263748024, 105
3, 1651079263763674, 1651079263763778, 104
4, 1651079263779498, 1651079263779684, 186
5, 1651079263796550, 1651079263797303, 753
6, 1651079263819432, 1651079263819601, 169
7, 1651079263833073, 1651079263833230, 157
8, 1651079263849016, 1651079263849190, 174
9, 1651079263865066, 1651079263865661, 595
10, 1651079263878822, 1651079263878977, 155
11, 1651079263895122, 1651079263895293, 171
12, 1651079263911504, 1651079263911667, 163
13, 1651079263927544, 1651079263927690, 146
14, 1651079263944770, 1651079263944917, 147
15, 1651079263960027, 1651079263960157, 130
16, 1651079263973848, 1651079263973869, 21
17, 1651079263993405, 1651079263993548, 143
18, 1651079264008545, 1651079264008678, 133
19, 1651079264022681, 1651079264022838, 157
20, 1651079264041172, 1651079264041809, 637
21, 1651079264055928, 1651079264055989, 61
22, 1651079264072951, 1651079264073010, 59
23, 1651079264087894, 1651079264087914, 20
24, 1651079264104200, 1651079264104221, 21
25, 1651079264120651, 1651079264120922, 271
26, 1651079264134568, 1651079264134589, 21
27, 1651079264154115, 1651079264154371, 256
28, 1651079264169383, 1651079264169403, 20
29, 1651079264188837, 1651079264188970, 133
30, 1651079264202493, 1651079264203911, 1418
31, 1651079264218518, 1651079264218579, 61
32, 1651079264235961, 1651079264236023, 62
33, 1651079264253044, 1651079264253066, 22
34, 1651079264269066, 1651079264269125, 59
35, 1651079264284219, 1651079264284279, 60
36, 1651079264299182, 1651079264299242, 60
37, 1651079264314491, 1651079264314550, 59
38, 1651079264328387, 1651079264328447, 60
39, 1651079264349263, 1651079264349389, 126
40, 1651079264362925, 1651079264362947, 22
41, 1651079264379264, 1651079264379394, 130
42, 1651079264396187, 1651079264396264, 77
43, 1651079264411071, 1651079264411187, 116
44, 1651079264426402, 1651079264426422, 20
45, 1651079264445923, 1651079264445945, 22
46, 1651079264461895, 1651079264461915, 20
47, 1651079264478052, 1651079264478072, 20
48, 1651079264670654, 1651079264670676, 22
49, 1651079264687563, 1651079264687615, 52
50, 1651079264703495, 1651079264703515, 20
51, 1651079264719517, 1651079264719537, 20
52, 1651079264735721, 1651079264735740, 19
53, 1651079264752049, 1651079264752069, 20
54, 1651079264771320, 1651079264771340, 20
55, 1651079264787249, 1651079264787269, 20
56, 1651079264803361, 1651079264803382, 21
57, 1651079264819636, 1651079264819656, 20
58, 1651079264836035, 1651079264836056, 21
59, 1651079264855372, 1651079264855393, 21
60, 1651079264871344, 1651079264871363, 19
61, 1651079264887504, 1651079264887523, 19
62, 1651079264903796, 1651079264903815, 19
63, 1651079264920278, 1651079264920298, 20
64, 1651079264939638, 1651079264939658, 20
65, 1651079264955714, 1651079264955733, 19
66, 1651079264971931, 1651079264971950, 19
67, 1651079264988283, 1651079264988304, 21
68, 1651079265006923, 1651079265006944, 21
69, 1651079265027332, 1651079265027350, 18
70, 1651079265043244, 1651079265043265, 21
71, 1651079265059286, 1651079265059305, 19
72, 1651079265075527, 1651079265075546, 19
73, 1651079265091883, 1651079265091903, 20
74, 1651079265111188, 1651079265111209, 21
75, 1651079265127152, 1651079265127171, 19
76, 1651079265143241, 1651079265143260, 19
77, 1651079265159514, 1651079265159535, 21
78, 1651079265175932, 1651079265175951, 19
79, 1651079265195267, 1651079265195289, 22
80, 1651079265211247, 1651079265211266, 19
81, 1651079265227410, 1651079265227513, 103
82, 1651079265242652, 1651079265242765, 113
83, 1651079265258010, 1651079265258124, 114
84, 1651079265276529, 1651079265276654, 125
85, 1651079265291506, 1651079265291635, 129
86, 1651079265306543, 1651079265306647, 104
87, 1651079265321697, 1651079265321810, 113
88, 1651079265339028, 1651079265339156, 128
89, 1651079265355355, 1651079265355483, 128
90, 1651079265370617, 1651079265370720, 103
91, 1651079265387746, 1651079265387859, 113
92, 1651079265402654, 1651079265402764, 110
93, 1651079265417616, 1651079265417744, 128
94, 1651079265443915, 1651079265444026, 111
95, 1651079265462444, 1651079265462577, 133
96, 1651079265477523, 1651079265477655, 132
97, 1651079265492587, 1651079265492720, 133
98, 1651079265507707, 1651079265507839, 132
99, 1651079265523076, 1651079265523207, 131
100, 1651079265538488, 1651079265538595, 107
101, 1651079265553891, 1651079265554035, 144
102, 1651079265571569, 1651079265571687, 118
103, 1651079265586820, 1651079265586840, 20
104, 1651079265604454, 1651079265604475, 21
105, 1651079265618797, 1651079265618817, 20
106, 1651079265633171, 1651079265633193, 22
107, 1651079265647531, 1651079265647551, 20
108, 1651079265661938, 1651079265661958, 20
109, 1651079265676330, 1651079265676350, 20
110, 1651079265690782, 1651079265690802, 20
111, 1651079265705220, 1651079265705242, 22
112, 1651079265719677, 1651079265719697, 20
113, 1651079265734180, 1651079265734202, 22
114, 1651079265748668, 1651079265748687, 19
115, 1651079265763202, 1651079265763222, 20
116, 1651079265777729, 1651079265777748, 19
117, 1651079265792325, 1651079265792344, 19
118, 1651079265806891, 1651079265806910, 19
119, 1651079265821504, 1651079265821525, 21
120, 1651079265836106, 1651079265836125, 19
121, 1651079265850801, 1651079265850915, 114
122, 1651079265868265, 1651079265868379, 114
123, 1651079265883379, 1651079265883509, 130
124, 1651079265901601, 1651079265901704, 103
125, 1651079265916566, 1651079265916696, 130
126, 1651079265931499, 1651079265931628, 129
127, 1651079265946387, 1651079265946516, 129
128, 1651079265961259, 1651079265961389, 130
129, 1651079265976178, 1651079265976281, 103
130, 1651079265991093, 1651079265991206, 113
131, 1651079266006056, 1651079266006167, 111
132, 1651079266021035, 1651079266021147, 112
133, 1651079266036007, 1651079266036118, 111
134, 1651079266051031, 1651079266051050, 19
135, 1651079266065524, 1651079266065543, 19
136, 1651079266080065, 1651079266080084, 19
137, 1651079266094622, 1651079266094641, 19
138, 1651079266109185, 1651079266109204, 19
139, 1651079266123795, 1651079266123907, 112
140, 1651079266138924, 1651079266139053, 129
141, 1651079266154097, 1651079266154226, 129
142, 1651079266171465, 1651079266171569, 104
143, 1651079266186458, 1651079266186571, 113
144, 1651079266204615, 1651079266204728, 113
145, 1651079266222120, 1651079266222252, 132
146, 1651079266236858, 1651079266236988, 130
147, 1651079266251600, 1651079266251733, 133
148, 1651079266266587, 1651079266266719, 132
149, 1651079266281610, 1651079266281717, 107
150, 1651079266296613, 1651079266296728, 115
151, 1651079266311656, 1651079266311770, 114
152, 1651079266326687, 1651079266326727, 40
153, 1651079266341394, 1651079266341533, 139
154, 1651079266354696, 1651079266354811, 115
155, 1651079266369528, 1651079266369642, 114
156, 1651079266384340, 1651079266384453, 113
157, 1651079266399188, 1651079266399302, 114
158, 1651079266414015, 1651079266414127, 112
159, 1651079266428877, 1651079266428991, 114
160, 1651079266443764, 1651079266443785, 21
161, 1651079266461717, 1651079266461857, 140
162, 1651079266474917, 1651079266475034, 117
163, 1651079266489902, 1651079266490018, 116
164, 1651079266504895, 1651079266505010, 115
165, 1651079266519872, 1651079266519987, 115
166, 1651079266534873, 1651079266535002, 129
167, 1651079266549837, 1651079266549944, 107
168, 1651079266564838, 1651079266564953, 115
169, 1651079266579826, 1651079266579938, 112
170, 1651079266594856, 1651079266594969, 113
171, 1651079266609864, 1651079266609977, 113
172, 1651079266624910, 1651079266624930, 20
173, 1651079266639605, 1651079266639626, 21
174, 1651079266653115, 1651079266653135, 20
175, 1651079266667864, 1651079266667999, 135
176, 1651079266681237, 1651079266681353, 116
177, 1651079266696086, 1651079266696199, 113
178, 1651079266714270, 1651079266714382, 112
179, 1651079266728950, 1651079266729079, 129
180, 1651079266743667, 1651079266743796, 129
181, 1651079266758389, 1651079266758519, 130
182, 1651079266773356, 1651079266773462, 106
183, 1651079266788354, 1651079266788469, 115
184, 1651079266803335, 1651079266803449, 114
185, 1651079266818356, 1651079266818486, 130
186, 1651079266844488, 1651079266844510, 22
187, 1651079266863338, 1651079266863489, 151
188, 1651079266878545, 1651079266878663, 118
189, 1651079266893827, 1651079266894086, 259
190, 1651079266912444, 1651079266912595, 151
191, 1651079266927438, 1651079266927570, 132
192, 1651079266942428, 1651079266942559, 131
193, 1651079266957393, 1651079266957527, 134
194, 1651079266972395, 1651079266972527, 132
195, 1651079266987381, 1651079266987513, 132
196, 1651079267002400, 1651079267002532, 132
197, 1651079267017402, 1651079267017570, 168
198, 1651079267032557, 1651079267032618, 61
199, 1651079267048033, 1651079267048187, 154
200, 1651079267064368, 1651079267064746, 378
201, 1651079267077646, 1651079267077706, 60
202, 1651079267093205, 1651079267093336, 131
203, 1651079267106632, 1651079267106823, 191
204, 1651079267126019, 1651079267126525, 506
205, 1651079267140940, 1651079267141385, 445
206, 1651079267154067, 1651079267154223, 156
207, 1651079267169841, 1651079267170304, 463
208, 1651079267184859, 1651079267185013, 154
209, 1651079267200691, 1651079267200861, 170
210, 1651079267215784, 1651079267215948, 164
211, 1651079267229043, 1651079267229189, 146
212, 1651079267244438, 1651079267244458, 20
213, 1651079267260462, 1651079267260624, 162
214, 1651079267276474, 1651079267276620, 146
215, 1651079267289851, 1651079267293116, 3265
216, 1651079267309520, 1651079267309580, 60
217, 1651079267324778, 1651079267324908, 130
218, 1651079267337971, 1651079267337991, 20
219, 1651079267353780, 1651079267353927, 147
220, 1651079267369668, 1651079267369796, 128
221, 1651079267382888, 1651079267382911, 23
222, 1651079267398793, 1651079267398852, 59
223, 1651079267414218, 1651079267414277, 59
224, 1651079267429650, 1651079267429709, 59
225, 1651079267443005, 1651079267443067, 62
226, 1651079267458520, 1651079267458578, 58
227, 1651079267477196, 1651079267477255, 59
228, 1651079267492416, 1651079267492474, 58
229, 1651079267505624, 1651079267505685, 61
230, 1651079267520929, 1651079267521097, 168
231, 1651079267536772, 1651079267536927, 155
232, 1651079267552666, 1651079267552836, 170
233, 1651079267567769, 1651079267568382, 613
234, 1651079267581041, 1651079267581103, 62
235, 1651079267596517, 1651079267596591, 74
236, 1651079267612003, 1651079267612064, 61
237, 1651079267625376, 1651079267625522, 146
238, 1651079267645692, 1651079267645712, 20
239, 1651079267661456, 1651079267661516, 60
240, 1651079267676694, 1651079267676756, 62
241, 1651079267689933, 1651079267689992, 59
242, 1651079267706787, 1651079267706845, 58
243, 1651079267721849, 1651079267721910, 61
244, 1651079267737256, 1651079267737314, 58
245, 1651079267750542, 1651079267750604, 62
246, 1651079267766018, 1651079267766077, 59
247, 1651079267779344, 1651079267779406, 62
248, 1651079267794885, 1651079267794943, 58
249, 1651079267811537, 1651079267811597, 60
250, 1651079267826790, 1651079267826850, 60
251, 1651079267839984, 1651079267840045, 61
252, 1651079267855266, 1651079267855324, 58
253, 1651079267868487, 1651079267868563, 76
254, 1651079267883835, 1651079267883916, 81
255, 1651079267897141, 1651079267897202, 61
256, 1651079267912501, 1651079267912577, 76
257, 1651079267927967, 1651079267928029, 62
258, 1651079267941300, 1651079267941361, 61
259, 1651079267958417, 1651079267958476, 59
260, 1651079267973642, 1651079267973701, 59
261, 1651079267990324, 1651079267990491, 167
262, 1651079268006039, 1651079268007230, 1191
263, 1651079268022300, 1651079268022360, 60
264, 1651079268037611, 1651079268037740, 129
265, 1651079268051763, 1651079268051783, 20
266, 1651079268067658, 1651079268067799, 141
267, 1651079268083575, 1651079268083704, 129
268, 1651079268099502, 1651079268099522, 20
269, 1651079268115507, 1651079268115567, 60
270, 1651079268130983, 1651079268131042, 59
271, 1651079268144358, 1651079268144420, 62
272, 1651079268163044, 1651079268163101, 57
273, 1651079268176308, 1651079268176370, 62
274, 1651079268191636, 1651079268191697, 61
275, 1651079268207017, 1651079268207078, 61
276, 1651079268222438, 1651079268222496, 58
277, 1651079268235741, 1651079268235802, 61
278, 1651079268255306, 1651079268255367, 61
279, 1651079268272164, 1651079268272227, 63
280, 1651079268288723, 1651079268288781, 58
281, 1651079268302288, 1651079268302347, 59
282, 1651079268319831, 1651079268319888, 57
283, 1651079268333304, 1651079268333365, 61
284, 1651079268352752, 1651079268352814, 62
285, 1651079268366167, 1651079268366249, 82
286, 1651079268382056, 1651079268382117, 61
287, 1651079268398789, 1651079268398847, 58
288, 1651079268412637, 1651079268412697, 60
289, 1651079268431859, 1651079268431919, 60
290, 1651079268448472, 1651079268448618, 146
291, 1651079268463409, 1651079268465288, 1879
292, 1651079268481426, 1651079268482329, 903
293, 1651079268500243, 1651079268500405, 162
294, 1651079268515387, 1651079268516563, 1176
295, 1651079268533254, 1651079268533315, 61
296, 1651079268549804, 1651079268549933, 129
297, 1651079268563580, 1651079268563600, 20
298, 1651079268580989, 1651079268581122, 133
299, 1651079268596168, 1651079268596229, 61
300, 1651079268616166, 1651079268616295, 129
301, 1651079268629900, 1651079268630090, 190
302, 1651079268647335, 1651079268647354, 19
303, 1651079268664907, 1651079268665038, 131
304, 1651079268683289, 1651079268685192, 1903
305, 1651079268704047, 1651079268704524, 477
306, 1651079268719474, 1651079268719636, 162
307, 1651079268734373, 1651079268734516, 143
308, 1651079268749930, 1651079268750059, 129
309, 1651079268763807, 1651079268763828, 21
310, 1651079268784701, 1651079268784763, 62
311, 1651079268798394, 1651079268798455, 61
312, 1651079268814395, 1651079268814456, 61
313, 1651079268831192, 1651079268831251, 59
314, 1651079268845137, 1651079268845199, 62
315, 1651079268864445, 1651079268864592, 147
316, 1651079268881295, 1651079268883300, 2005
317, 1651079268898714, 1651079268898980, 266
318, 1651079268914183, 1651079268914806, 623
319, 1651079268927936, 1651079268928091, 155
320, 1651079268944275, 1651079268944445, 170
321, 1651079268962135, 1651079268963199, 1064
322, 1651079268976923, 1651079268979123, 2200
323, 1651079268994650, 1651079268994709, 59
324, 1651079269011446, 1651079269011579, 133
325, 1651079269025309, 1651079269028619, 3310
326, 1651079269041127, 1651079269044808, 3681
327, 1651079269061399, 1651079269061464, 65
328, 1651079269077853, 1651079269077983, 130
329, 1651079269091535, 1651079269091679, 144
330, 1651079269107557, 1651079269107577, 20
331, 1651079269123935, 1651079269124078, 143
332, 1651079269140418, 1651079269140560, 142
333, 1651079269157694, 1651079269159851, 2157
334, 1651079269175433, 1651079269176339, 906
335, 1651079269191099, 1651079269191476, 377
336, 1651079269204933, 1651079269205704, 771
337, 1651079269222280, 1651079269222300, 20
338, 1651079269239666, 1651079269239798, 132
339, 1651079269257984, 1651079269259284, 1300
340, 1651079269275472, 1651079269275943, 471
341, 1651079269291020, 1651079269291487, 467
342, 1651079269304917, 1651079269305084, 167
343, 1651079269322544, 1651079269323325, 781
344, 1651079269338731, 1651079269340298, 1567
345, 1651079269356546, 1651079269356715, 169
346, 1651079269372345, 1651079269373104, 759
347, 1651079269386177, 1651079269386896, 719
348, 1651079269402835, 1651079269403549, 714
349, 1651079269416550, 1651079269418762, 2212
350, 1651079269437493, 1651079269437553, 60
351, 1651079269453925, 1651079269454055, 130
352, 1651079269467543, 1651079269467708, 165
353, 1651079269483760, 1651079269483929, 169
354, 1651079269499392, 1651079269499876, 484
355, 1651079269513253, 1651079269516679, 3426
356, 1651079269531143, 1651079269532761, 1618
357, 1651079269548920, 1651079269549118, 198
358, 1651079269568316, 1651079269568485, 169
359, 1651079269583743, 1651079269583906, 163
360, 1651079269598795, 1651079269598856, 61
361, 1651079269615620, 1651079269615679, 59
362, 1651079269632947, 1651079269633092, 145
363, 1651079269648827, 1651079269648848, 21
364, 1651079269666064, 1651079269666123, 59
365, 1651079269679882, 1651079269679943, 61
366, 1651079269696860, 1651079269696921, 61
367, 1651079269714261, 1651079269714321, 60
368, 1651079269730323, 1651079269730385, 62
369, 1651079269755086, 1651079269755146, 60
370, 1651079269781553, 1651079269781614, 61
371, 1651079269799994, 1651079269800016, 22
372, 1651079269816548, 1651079269816608, 60
373, 1651079269832116, 1651079269832175, 59
374, 1651079269849486, 1651079269849548, 62
375, 1651079269867045, 1651079269867104, 59
376, 1651079269885547, 1651079269885689, 142
377, 1651079269902434, 1651079269902496, 62
378, 1651079269919444, 1651079269919503, 59
379, 1651079269934384, 1651079269934403, 19
380, 1651079269951135, 1651079269951276, 141
381, 1651079269966839, 1651079269967004, 165
382, 1651079269984220, 1651079269984461, 241
383, 1651079270001440, 1651079270001604, 164
384, 1651079270017678, 1651079270017963, 285
385, 1651079270031477, 1651079270031538, 61
386, 1651079270049013, 1651079270049142, 129
387, 1651079270066258, 1651079270066334, 76
388, 1651079270083000, 1651079270083218, 218
389, 1651079270100063, 1651079270100237, 174
390, 1651079270115220, 1651079270115676, 456
391, 1651079270128954, 1651079270128976, 22
392, 1651079270145264, 1651079270145286, 22
393, 1651079270163923, 1651079270163944, 21
394, 1651079270179812, 1651079270179834, 22
395, 1651079270195859, 1651079270195878, 19
396, 1651079270212063, 1651079270212200, 137
397, 1651079270227848, 1651079270227953, 105
398, 1651079270243715, 1651079270243828, 113
399, 1651079270262728, 1651079270262839, 111
400, 1651079270280416, 1651079270280528, 112
401, 1651079270297153, 1651079270297265, 112
402, 1651079270312757, 1651079270312893, 136
403, 1651079270328515, 1651079270328629, 114
404, 1651079270359740, 1651079270359855, 115
405, 1651079270373718, 1651079270373737, 19
406, 1651079270389718, 1651079270389739, 21
407, 1651079270405905, 1651079270405926, 21
408, 1651079270422254, 1651079270422299, 45
409, 1651079270441674, 1651079270441695, 21
410, 1651079270457592, 1651079270457613, 21
411, 1651079270473638, 1651079270473658, 20
412, 1651079270489887, 1651079270489908, 21
413, 1651079270506349, 1651079270506370, 21
414, 1651079270525906, 1651079270525927, 21
415, 1651079270541931, 1651079270541951, 20
416, 1651079270558139, 1651079270558160, 21
417, 1651079270574511, 1651079270574532, 21
418, 1651079270590952, 1651079270590971, 19
419, 1651079270610444, 1651079270610578, 134
420, 1651079270628009, 1651079270628113, 104
421, 1651079270644628, 1651079270644740, 112
422, 1651079270660151, 1651079270660286, 135
423, 1651079270675825, 1651079270675928, 103
424, 1651079270694712, 1651079270694823, 111
425, 1651079270710067, 1651079270710202, 135
426, 1651079270725548, 1651079270725651, 103
427, 1651079270741118, 1651079270741298, 180
428, 1651079270758794, 1651079270758970, 176
429, 1651079270776710, 1651079270776881, 171
430, 1651079270794446, 1651079270795448, 1002
431, 1651079270810677, 1651079270810849, 172
432, 1651079270824495, 1651079270824753, 258
433, 1651079270840279, 1651079270840446, 167
434, 1651079270860420, 1651079270860887, 467
435, 1651079270878764, 1651079270879512, 748
436, 1651079270892280, 1651079270892448, 168
437, 1651079270908319, 1651079270908721, 402
438, 1651079270922015, 1651079270922036, 21
439, 1651079270938776, 1651079270939013, 237
440, 1651079270954495, 1651079270954671, 176
441, 1651079270973020, 1651079270973599, 579
442, 1651079270986695, 1651079270986758, 63
443, 1651079271003971, 1651079271004101, 130
444, 1651079271017863, 1651079271020306, 2443
445, 1651079271034198, 1651079271034261, 63
446, 1651079271058334, 1651079271058460, 126
447, 1651079271071926, 1651079271072159, 233
448, 1651079271086834, 1651079271087001, 167
449, 1651079271102975, 1651079271103481, 506
450, 1651079271117952, 1651079271118191, 239
451, 1651079271133631, 1651079271133805, 174
452, 1651079271154015, 1651079271154613, 598
453, 1651079271167629, 1651079271167691, 62
454, 1651079271184862, 1651079271184923, 61
455, 1651079271202277, 1651079271202404, 127
456, 1651079271216164, 1651079271216333, 169
457, 1651079271232781, 1651079271232842, 61
458, 1651079271256435, 1651079271256574, 139
459, 1651079271270073, 1651079271273133, 3060
460, 1651079271285988, 1651079271286050, 62
461, 1651079271307519, 1651079271307652, 133
462, 1651079271334772, 1651079271334914, 142
463, 1651079271349746, 1651079271349870, 124
464, 1651079271367432, 1651079271367452, 20
465, 1651079271385876, 1651079271386010, 134
466, 1651079271401636, 1651079271401760, 124
467, 1651079271415007, 1651079271415026, 19
468, 1651079271431245, 1651079271431379, 134
469, 1651079271445972, 1651079271445994, 22
470, 1651079271462297, 1651079271462356, 59
471, 1651079271477146, 1651079271477207, 61
472, 1651079271492790, 1651079271492947, 157
473, 1651079271508509, 1651079271508962, 453
474, 1651079271522071, 1651079271522132, 61
475, 1651079271541169, 1651079271541291, 122
476, 1651079271554632, 1651079271554874, 242
477, 1651079271570026, 1651079271570201, 175
478, 1651079271586342, 1651079271587079, 737
479, 1651079271601092, 1651079271602171, 1079
480, 1651079271614649, 1651079271614709, 60
481, 1651079271630280, 1651079271630451, 171
482, 1651079271646775, 1651079271647478, 703
483, 1651079271661695, 1651079271662408, 713
484, 1651079271675337, 1651079271675357, 20
485, 1651079271693247, 1651079271693501, 254
486, 1651079271708009, 1651079271708027, 18
487, 1651079271727895, 1651079271728032, 137
488, 1651079271742553, 1651079271742814, 261
489, 1651079271756032, 1651079271756198, 166
490, 1651079271771574, 1651079271772357, 783
491, 1651079271785053, 1651079271964046, 178993
492, 1651079271970647, 1651079271976697, 6050
493, 1651079271985030, 1651079271986129, 1099
494, 1651079272001546, 1651079272001707, 161
495, 1651079272017888, 1651079272018024, 136
496, 1651079272032690, 1651079272032816, 126
497, 1651079272046217, 1651079272046239, 22
498, 1651079272062710, 1651079272062769, 59
499, 1651079272080943, 1651079272081006, 63
500, 1651079272094335, 1651079272094399, 64
501, 1651079272109788, 1651079272109849, 61
502, 1651079272123147, 1651079272123167, 20
503, 1651079272136678, 1651079272136815, 137
504, 1651079272153314, 1651079272153334, 20
505, 1651079272169723, 1651079272169781, 58
506, 1651079272184626, 1651079272184688, 62
507, 1651079272200347, 1651079272200406, 59
508, 1651079272213944, 1651079272214005, 61
509, 1651079272229745, 1651079272229999, 254
510, 1651079272243435, 1651079272243636, 201
511, 1651079272264409, 1651079272265087, 678
512, 1651079272279836, 1651079272280005, 169
513, 1651079272295255, 1651079272296274, 1019
514, 1651079272308636, 1651079272308811, 175
515, 1651079272324909, 1651079272325223, 314
516, 1651079272339609, 1651079272340832, 1223
517, 1651079272355955, 1651079272355975, 20
518, 1651079272370418, 1651079272370440, 22
519, 1651079272384920, 1651079272384941, 21
520, 1651079272399417, 1651079272399437, 20
521, 1651079272413958, 1651079272413979, 21
522, 1651079272428486, 1651079272428505, 19
523, 1651079272443077, 1651079272443191, 114
524, 1651079272457643, 1651079272457758, 115
525, 1651079272472254, 1651079272472367, 113
526, 1651079272489980, 1651079272490093, 113
527, 1651079272504391, 1651079272504503, 112
528, 1651079272518854, 1651079272518874, 20
529, 1651079272533310, 1651079272533330, 20
530, 1651079272547814, 1651079272547836, 22
531, 1651079272564432, 1651079272564452, 20
532, 1651079272579996, 1651079272580016, 20
533, 1651079272594342, 1651079272594361, 19
534, 1651079272608742, 1651079272608761, 19
535, 1651079272623144, 1651079272623164, 20
536, 1651079272637565, 1651079272637584, 19
537, 1651079272652030, 1651079272652145, 115
538, 1651079272667265, 1651079272667379, 114
539, 1651079272682556, 1651079272682670, 114
540, 1651079272697856, 1651079272697972, 116
541, 1651079272713147, 1651079272713261, 114
542, 1651079272728481, 1651079272728500, 19
543, 1651079272743040, 1651079272743059, 19
544, 1651079272757633, 1651079272757654, 21
545, 1651079272772217, 1651079272772238, 21
546, 1651079272789952, 1651079272789972, 20
547, 1651079272804412, 1651079272804431, 19
548, 1651079272818867, 1651079272818887, 20
549, 1651079272833368, 1651079272833388, 20
550, 1651079272847862, 1651079272847882, 20
551, 1651079272864523, 1651079272864639, 116
552, 1651079272889780, 1651079272889800, 20
553, 1651079272909839, 1651079272909862, 23
554, 1651079272928782, 1651079272928803, 21
555, 1651079272946562, 1651079272946582, 20
556, 1651079272961060, 1651079272961080, 20
557, 1651079272975553, 1651079272975574, 21
558, 1651079272990060, 1651079272990082, 22
559, 1651079273004613, 1651079273004633, 20
560, 1651079273019160, 1651079273019179, 19
561, 1651079273033747, 1651079273033788, 41
562, 1651079273048394, 1651079273048413, 19
563, 1651079273063094, 1651079273063115, 21
564, 1651079273077783, 1651079273077803, 20
565, 1651079273092527, 1651079273092561, 34
566, 1651079273107264, 1651079273107283, 19
567, 1651079273122012, 1651079273122032, 20
568, 1651079273136811, 1651079273136830, 19
569, 1651079273155993, 1651079273156014, 21
570, 1651079273170746, 1651079273171021, 275
571, 1651079273187376, 1651079273187778, 402
572, 1651079273201872, 1651079273201988, 116
573, 1651079273216062, 1651079273216176, 114
574, 1651079273230237, 1651079273230351, 114
575, 1651079273244449, 1651079273244572, 123
576, 1651079273258664, 1651079273258778, 114
577, 1651079273272912, 1651079273273026, 114
578, 1651079273287128, 1651079273287239, 111
579, 1651079273301350, 1651079273301463, 113
580, 1651079273315673, 1651079273315693, 20
581, 1651079273330345, 1651079273330483, 138
582, 1651079273343527, 1651079273343650, 123
583, 1651079273356766, 1651079273356882, 116
584, 1651079273371917, 1651079273372032, 115
585, 1651079273387050, 1651079273387164, 114
586, 1651079273402148, 1651079273402262, 114
587, 1651079273420605, 1651079273420722, 117
588, 1651079273435541, 1651079273435560, 19
589, 1651079273450053, 1651079273450319, 266
590, 1651079273463206, 1651079273463611, 405
591, 1651079273478583, 1651079273478712, 129
592, 1651079273492801, 1651079273492906, 105
593, 1651079273507061, 1651079273507174, 113
594, 1651079273521299, 1651079273521412, 113
595, 1651079273535575, 1651079273535705, 130
596, 1651079273549827, 1651079273549957, 130
597, 1651079273564116, 1651079273564248, 132
598, 1651079273578393, 1651079273578523, 130
599, 1651079273592677, 1651079273592808, 131
600, 1651079273607004, 1651079273607133, 129
601, 1651079273621306, 1651079273621409, 103
602, 1651079273635646, 1651079273635758, 112
603, 1651079273649967, 1651079273650079, 112
604, 1651079273667672, 1651079273667785, 113
605, 1651079273681826, 1651079273681939, 113
606, 1651079273696016, 1651079273696035, 19
607, 1651079273710520, 1651079273710655, 135
608, 1651079273723590, 1651079273723715, 125
609, 1651079273736864, 1651079273736980, 116
610, 1651079273751930, 1651079273752044, 114
611, 1651079273766947, 1651079273767062, 115
612, 1651079273781977, 1651079273781998, 21
613, 1651079273796606, 1651079273796647, 41
614, 1651079273812839, 1651079273812902, 63
615, 1651079273827576, 1651079273827638, 62
616, 1651079273843115, 1651079273843177, 62
617, 1651079273861996, 1651079273862126, 130
618, 1651079273876001, 1651079273876062, 61
619, 1651079273891301, 1651079273891431, 130
620, 1651079273904423, 1651079273904443, 20
621, 1651079273920493, 1651079273920740, 247
622, 1651079273935116, 1651079273935280, 164
623, 1651079273950483, 1651079273951113, 630
624, 1651079273963669, 1651079273963825, 156
625, 1651079273979874, 1651079273980054, 180
626, 1651079273994613, 1651079273994847, 234
627, 1651079274010874, 1651079274011190, 316
628, 1651079274025706, 1651079274025872, 166
629, 1651079274045159, 1651079274045836, 677
630, 1651079274059694, 1651079274059848, 154
631, 1651079274074942, 1651079274075467, 525
632, 1651079274088150, 1651079274088312, 162
633, 1651079274103458, 1651079274103621, 163
634, 1651079274117568, 1651079274117716, 148
635, 1651079274132004, 1651079274132024, 20
636, 1651079274148230, 1651079274148376, 146
637, 1651079274163012, 1651079274163139, 127
638, 1651079274176250, 1651079274176271, 21
639, 1651079274192570, 1651079274192715, 145
640, 1651079274210540, 1651079274210669, 129
641, 1651079274226567, 1651079274226705, 138
642, 1651079274241542, 1651079274241679, 137
643, 1651079274256550, 1651079274256687, 137
644, 1651079274280742, 1651079274280878, 136
645, 1651079274307127, 1651079274307264, 137
646, 1651079274327340, 1651079274327362, 22
647, 1651079274345881, 1651079274345903, 22
648, 1651079274361024, 1651079274361045, 21
649, 1651079274376252, 1651079274376273, 21
650, 1651079274391515, 1651079274391536, 21
651, 1651079274406871, 1651079274406892, 21
652, 1651079274453611, 1651079274453631, 20
653, 1651079274468703, 1651079274468724, 21
654, 1651079274483882, 1651079274483903, 21
655, 1651079274499103, 1651079274499124, 21
656, 1651079274514418, 1651079274514439, 21
657, 1651079274529779, 1651079274529799, 20
658, 1651079274545245, 1651079274545265, 20
659, 1651079274563859, 1651079274563878, 19
660, 1651079274579085, 1651079274579106, 21
661, 1651079274594369, 1651079274594390, 21
662, 1651079274609700, 1651079274609720, 20
663, 1651079274625113, 1651079274625134, 21
664, 1651079274640566, 1651079274640609, 43
665, 1651079274658372, 1651079274658392, 20
666, 1651079274675685, 1651079274675704, 19
667, 1651079274691998, 1651079274692019, 21
668, 1651079274707158, 1651079274707178, 20
669, 1651079274722407, 1651079274722427, 20
670, 1651079274737727, 1651079274737747, 20
671, 1651079274753076, 1651079274753097, 21
672, 1651079274771653, 1651079274771674, 21
673, 1651079274786769, 1651079274786788, 19
674, 1651079274801970, 1651079274802104, 134
675, 1651079274817757, 1651079274817893, 136
676, 1651079274833655, 1651079274833759, 104
677, 1651079274849617, 1651079274849752, 135
678, 1651079274865703, 1651079274865808, 105
679, 1651079274884802, 1651079274884915, 113
680, 1651079274900483, 1651079274900632, 149
681, 1651079274916302, 1651079274916406, 104
682, 1651079274932170, 1651079274932305, 135
683, 1651079274948162, 1651079274948266, 104
684, 1651079274964225, 1651079274964326, 101
685, 1651079274983702, 1651079274983815, 113
686, 1651079275001468, 1651079275001489, 21
687, 1651079275017751, 1651079275017771, 20
688, 1651079275032904, 1651079275032924, 20
689, 1651079275048101, 1651079275048120, 19
690, 1651079275063388, 1651079275063408, 20
691, 1651079275078714, 1651079275078735, 21
692, 1651079275097258, 1651079275097278, 20
693, 1651079275112367, 1651079275112388, 21
694, 1651079275127576, 1651079275127596, 20
695, 1651079275142848, 1651079275142868, 20
696, 1651079275158178, 1651079275158198, 20
697, 1651079275173570, 1651079275173590, 20
698, 1651079275189000, 1651079275189020, 20
699, 1651079275207634, 1651079275207650, 16
700, 1651079275222834, 1651079275222853, 19
701, 1651079275238117, 1651079275238137, 20
702, 1651079275253434, 1651079275253455, 21
703, 1651079275268854, 1651079275268874, 20
704, 1651079275284310, 1651079275284330, 20
705, 1651079275302100, 1651079275302120, 20
706, 1651079275319441, 1651079275319459, 18
707, 1651079275335722, 1651079275335742, 20
708, 1651079275350906, 1651079275350926, 20
709, 1651079275366130, 1651079275366150, 20
710, 1651079275385531, 1651079275385550, 19
711, 1651079275401285, 1651079275401420, 135
712, 1651079275419796, 1651079275419932, 136
713, 1651079275434765, 1651079275434901, 136
714, 1651079275449791, 1651079275449893, 102
715, 1651079275464914, 1651079275465043, 129
716, 1651079275480176, 1651079275480311, 135
717, 1651079275495480, 1651079275495616, 136
718, 1651079275510908, 1651079275511010, 102
719, 1651079275529326, 1651079275529461, 135
720, 1651079275544439, 1651079275544595, 156
721, 1651079275559651, 1651079275559752, 101
722, 1651079275577070, 1651079275577179, 109
723, 1651079275593467, 1651079275593488, 21
724, 1651079275609792, 1651079275609809, 17
725, 1651079275627810, 1651079275627829, 19
726, 1651079275641643, 1651079275641786, 143
727, 1651079275658670, 1651079275658804, 134
728, 1651079275674780, 1651079275674884, 104
729, 1651079275691024, 1651079275691135, 111
730, 1651079275709643, 1651079275709778, 135
731, 1651079275725462, 1651079275725596, 134
732, 1651079275741472, 1651079275741576, 104
733, 1651079275757632, 1651079275757742, 110
734, 1651079275773928, 1651079275774063, 135
735, 1651079275802018, 1651079275802152, 134
736, 1651079275821126, 1651079275821250, 124
737, 1651079275845782, 1651079275845886, 104
738, 1651079275866452, 1651079275866590, 138
739, 1651079275882834, 1651079275882937, 103
740, 1651079275902323, 1651079275902434, 111
741, 1651079275918297, 1651079275918432, 135
742, 1651079275934399, 1651079275934501, 102
743, 1651079275950694, 1651079275950830, 136
744, 1651079275967114, 1651079275967250, 136
745, 1651079275986666, 1651079275986768, 102
746, 1651079276002670, 1651079276002781, 111
747, 1651079276018852, 1651079276018965, 113
748, 1651079276037275, 1651079276037411, 136
749, 1651079276054790, 1651079276054892, 102
750, 1651079276074200, 1651079276074312, 112
751, 1651079276090063, 1651079276090198, 135
752, 1651079276106111, 1651079276106213, 102
753, 1651079276122292, 1651079276122429, 137
754, 1651079276138680, 1651079276138816, 136
755, 1651079276158109, 1651079276158212, 103
756, 1651079276174056, 1651079276174192, 136
757, 1651079276190125, 1651079276190229, 104
758, 1651079276206379, 1651079276206490, 111
759, 1651079276222794, 1651079276222929, 135
760, 1651079276242265, 1651079276242402, 137
761, 1651079276258258, 1651079276258361, 103
762, 1651079276274349, 1651079276274484, 135
763, 1651079276290636, 1651079276290772, 136
764, 1651079276307048, 1651079276307151, 103
765, 1651079276326576, 1651079276326687, 111
766, 1651079276342559, 1651079276342600, 41
767, 1651079276358216, 1651079276358237, 21
768, 1651079276376097, 1651079276376118, 21
769, 1651079276392988, 1651079276393008, 20
770, 1651079276411935, 1651079276411956, 21
771, 1651079276427299, 1651079276427319, 20
772, 1651079276442818, 1651079276442839, 21
773, 1651079276458431, 1651079276458451, 20
774, 1651079276474193, 1651079276474213, 20
775, 1651079276493153, 1651079276493173, 20
776, 1651079276508595, 1651079276508615, 20
777, 1651079276524152, 1651079276524172, 20
778, 1651079276539804, 1651079276539824, 20
779, 1651079276555610, 1651079276555631, 21
780, 1651079276574630, 1651079276574651, 21
781, 1651079276590118, 1651079276590139, 21
782, 1651079276605696, 1651079276605716, 20
783, 1651079276621421, 1651079276621442, 21
784, 1651079276637245, 1651079276637264, 19
785, 1651079276656324, 1651079276656343, 19
786, 1651079276671853, 1651079276671874, 21
787, 1651079276687479, 1651079276687500, 21
788, 1651079276705361, 1651079276705380, 19
789, 1651079276722246, 1651079276722267, 21
790, 1651079276741194, 1651079276741215, 21
791, 1651079276756561, 1651079276756582, 21
792, 1651079276772079, 1651079276772099, 20
793, 1651079276787683, 1651079276787704, 21
794, 1651079276803447, 1651079276803467, 20
795, 1651079276822524, 1651079276822545, 21
796, 1651079276838021, 1651079276838042, 21
797, 1651079276853670, 1651079276853690, 20
798, 1651079276869408, 1651079276869429, 21
799, 1651079276885302, 1651079276885322, 20
800, 1651079276904348, 1651079276904368, 20
801, 1651079276919820, 1651079276919841, 21
802, 1651079276935369, 1651079276935390, 21
803, 1651079276951078, 1651079276951098, 20
804, 1651079276966911, 1651079276966932, 21
805, 1651079276985948, 1651079276985968, 20
806, 1651079277001470, 1651079277001490, 20
807, 1651079277017069, 1651079277017090, 21
808, 1651079277034941, 1651079277034961, 20
809, 1651079277051792, 1651079277051810, 18
810, 1651079277070752, 1651079277070772, 20
811, 1651079277086116, 1651079277086135, 19
812, 1651079277101658, 1651079277101678, 20
813, 1651079277117290, 1651079277117310, 20
814, 1651079277133016, 1651079277133036, 20
815, 1651079277151999, 1651079277152017, 18
816, 1651079277167410, 1651079277167430, 20
817, 1651079277182971, 1651079277183010, 39
818, 1651079277198662, 1651079277198681, 19
819, 1651079277214472, 1651079277214653, 181
820, 1651079277232885, 1651079277233135, 250
821, 1651079277246569, 1651079277246725, 156
822, 1651079277262795, 1651079277263665, 870
823, 1651079277276588, 1651079277276743, 155
824, 1651079277293029, 1651079277294203, 1174
825, 1651079277306964, 1651079277308432, 1468
826, 1651079277330976, 1651079277330996, 20
827, 1651079277346895, 1651079277347038, 143
828, 1651079277362011, 1651079277362141, 130
829, 1651079277380320, 1651079277380340, 20
830, 1651079277401372, 1651079277401711, 339
831, 1651079277416489, 1651079277416566, 77
832, 1651079277439548, 1651079277439677, 129
833, 1651079277453160, 1651079277453851, 691
834, 1651079277468602, 1651079277468756, 154
835, 1651079277485234, 1651079277485399, 165
836, 1651079277499060, 1651079277499206, 146
837, 1651079277515422, 1651079277515443, 21
838, 1651079277531897, 1651079277532025, 128
839, 1651079277545604, 1651079277547953, 2349
840, 1651079277562959, 1651079277563295, 336
841, 1651079277578721, 1651079277579383, 662
842, 1651079277592664, 1651079277592813, 149
843, 1651079277616254, 1651079277616416, 162
844, 1651079277629851, 1651079277630006, 155
845, 1651079277646371, 1651079277647324, 953
846, 1651079277660092, 1651079277660244, 152
847, 1651079277676890, 1651079277677052, 162
848, 1651079277692934, 1651079277693256, 322
849, 1651079277708733, 1651079277708797, 64
850, 1651079277724911, 1651079277725068, 157
851, 1651079277750006, 1651079277750146, 140
852, 1651079277765869, 1651079277765972, 103
853, 1651079277784911, 1651079277785023, 112
854, 1651079277802564, 1651079277802584, 20
855, 1651079277819747, 1651079277819769, 22
856, 1651079277835891, 1651079277835950, 59
857, 1651079277849701, 1651079277849764, 63
858, 1651079277866005, 1651079277866064, 59
859, 1651079277882062, 1651079277882123, 61
860, 1651079277898034, 1651079277898093, 59
861, 1651079277911755, 1651079277911816, 61
862, 1651079277927959, 1651079277928021, 62
863, 1651079277944238, 1651079277944299, 61
864, 1651079277960683, 1651079277960816, 133
865, 1651079277974706, 1651079277976899, 2193
866, 1651079277993834, 1651079277994305, 471
867, 1651079278010719, 1651079278012792, 2073
868, 1651079278027772, 1651079278027832, 60
869, 1651079278044020, 1651079278044173, 153
870, 1651079278057894, 1651079278058060, 166
871, 1651079278077158, 1651079278077989, 831
872, 1651079278090809, 1651079278090870, 61
873, 1651079278106925, 1651079278106985, 60
874, 1651079278120750, 1651079278120898, 148
875, 1651079278136989, 1651079278137011, 22
876, 1651079278154587, 1651079278154730, 143
877, 1651079278173632, 1651079278173902, 270
878, 1651079278187327, 1651079278187395, 68
879, 1651079278205992, 1651079278206012, 20
880, 1651079278223160, 1651079278223300, 140
881, 1651079278238807, 1651079278238936, 129
882, 1651079278252677, 1651079278252852, 175
883, 1651079278269202, 1651079278269268, 66
884, 1651079278286965, 1651079278287025, 60
885, 1651079278302738, 1651079278302797, 59
886, 1651079278316677, 1651079278316738, 61
887, 1651079278336355, 1651079278336417, 62
888, 1651079278352389, 1651079278352448, 59
889, 1651079278368211, 1651079278368273, 62
890, 1651079278384228, 1651079278384286, 58
891, 1651079278397981, 1651079278398043, 62
892, 1651079278414210, 1651079278414269, 59
893, 1651079278428102, 1651079278428163, 61
894, 1651079278446740, 1651079278446799, 59
895, 1651079278460424, 1651079278460484, 60
896, 1651079278478161, 1651079278478219, 58
897, 1651079278493868, 1651079278493926, 58
898, 1651079278507824, 1651079278507885, 61
899, 1651079278527421, 1651079278527480, 59
900, 1651079278543654, 1651079278543713, 59
901, 1651079278562922, 1651079278562980, 58
902, 1651079278576585, 1651079278576646, 61
903, 1651079278592606, 1651079278592667, 61
904, 1651079278608758, 1651079278608819, 61
905, 1651079278625044, 1651079278625106, 62
906, 1651079278641408, 1651079278641468, 60
907, 1651079278660120, 1651079278660181, 61
908, 1651079278676171, 1651079278676232, 61
909, 1651079278692391, 1651079278692449, 58
910, 1651079278709378, 1651079278709437, 59
911, 1651079278726911, 1651079278726970, 59
912, 1651079278742509, 1651079278742568, 59
913, 1651079278756435, 1651079278756495, 60
914, 1651079278775764, 1651079278775825, 61
915, 1651079278791765, 1651079278791823, 58
916, 1651079278805546, 1651079278805607, 61
917, 1651079278821783, 1651079278821842, 59
918, 1651079278846080, 1651079278846143, 63
919, 1651079278868374, 1651079278868435, 61
920, 1651079278893551, 1651079278893634, 83
921, 1651079278907286, 1651079278907346, 60
922, 1651079278927388, 1651079278927451, 63
923, 1651079278943718, 1651079278943777, 59
924, 1651079278957665, 1651079278957727, 62
925, 1651079278977495, 1651079278977625, 130
926, 1651079278991207, 1651079278991369, 162
927, 1651079279007978, 1651079279008839, 861
928, 1651079279024910, 1651079279027700, 2790
929, 1651079279039785, 1651079279039805, 20
930, 1651079279057221, 1651079279057365, 144
931, 1651079279076098, 1651079279076228, 130
932, 1651079279090855, 1651079279091017, 162
933, 1651079279107519, 1651079279107682, 163
934, 1651079279122546, 1651079279122692, 146
935, 1651079279140569, 1651079279140713, 144
936, 1651079279158957, 1651079279159095, 138
937, 1651079279174919, 1651079279175057, 138
938, 1651079279191070, 1651079279191175, 105
939, 1651079279207342, 1651079279207478, 136
940, 1651079279225990, 1651079279226127, 137
941, 1651079279245477, 1651079279245579, 102
942, 1651079279261441, 1651079279261619, 178
943, 1651079279275282, 1651079279275395, 113
944, 1651079279290941, 1651079279291119, 178
945, 1651079279492218, 1651079279492346, 128
946, 1651079279505794, 1651079279505873, 79
947, 1651079279523170, 1651079279523231, 61
948, 1651079279538675, 1651079279538931, 256
949, 1651079279552405, 1651079279552631, 226
950, 1651079279569217, 1651079279569238, 21
951, 1651079279589312, 1651079279589376, 64
952, 1651079279603056, 1651079279603118, 62
953, 1651079279618657, 1651079279618721, 64
954, 1651079279634997, 1651079279635171, 174
955, 1651079279651943, 1651079279652151, 208
956, 1651079279670274, 1651079279670446, 172
957, 1651079279690066, 1651079279690726, 660
958, 1651079279703629, 1651079279703793, 164
959, 1651079279720800, 1651079279721060, 260
960, 1651079279736414, 1651079279737657, 1243
961, 1651079279750263, 1651079279750432, 169
962, 1651079279770664, 1651079279771016, 352
963, 1651079279786203, 1651079279787323, 1120
964, 1651079279799969, 1651079279800140, 171
965, 1651079279816800, 1651079279817398, 598
966, 1651079279830707, 1651079279830868, 161
967, 1651079279850289, 1651079279850466, 177
968, 1651079279869066, 1651079279869509, 443
969, 1651079279883860, 1651079279884029, 169
970, 1651079279900446, 1651079279900508, 62
971, 1651079279916700, 1651079279916785, 85
972, 1651079279933064, 1651079279933126, 62
973, 1651079279952642, 1651079279952771, 129
974, 1651079279967390, 1651079279969230, 1840
975, 1651079279984625, 1651079279985426, 801
976, 1651079280000365, 1651079280000551, 186
977, 1651079280017841, 1651079280018796, 955
978, 1651079280033752, 1651079280034755, 1003
979, 1651079280054223, 1651079280056163, 1940
980, 1651079280071057, 1651079280071763, 706
981, 1651079280086539, 1651079280086709, 170
982, 1651079280103168, 1651079280103537, 369
983, 1651079280118211, 1651079280118274, 63
984, 1651079280136829, 1651079280137572, 743
985, 1651079280150392, 1651079280150561, 169
986, 1651079280167561, 1651079280168286, 725
987, 1651079280183251, 1651079280183620, 369
988, 1651079280197139, 1651079280197308, 169
989, 1651079280214197, 1651079280214366, 169
990, 1651079280237604, 1651079280237805, 201
991, 1651079280252308, 1651079280254253, 1945
992, 1651079280269298, 1651079280270081, 783
993, 1651079280289801, 1651079280290384, 583
994, 1651079280305256, 1651079280306511, 1255
995, 1651079280319972, 1651079280320033, 61
996, 1651079280333724, 1651079280334741, 1017
997, 1651079280351290, 1651079280351451, 161
998, 1651079280371466, 1651079280371642, 176
999, 1651079280386678, 1651079280387895, 1217
