0, 1651079263711729, 1651079263711762, 33
1, 1651079263732236, 1651079263732257, 21
2, 1651079263747919, 1651079263747936, 17
3, 1651079263763674, 1651079263763690, 16
4, 1651079263779498, 1651079263779519, 21
5, 1651079263796550, 1651079263796612, 62
6, 1651079263819432, 1651079263819497, 65
7, 1651079263833073, 1651079263833137, 64
8, 1651079263849016, 1651079263849079, 63
9, 1651079263865066, 1651079263865126, 60
10, 1651079263878822, 1651079263878884, 62
11, 1651079263895122, 1651079263895184, 62
12, 1651079263911504, 1651079263911565, 61
13, 1651079263927544, 1651079263927604, 60
14, 1651079263944770, 1651079263944832, 62
15, 1651079263960027, 1651079263960087, 60
16, 1651079263973848, 1651079263973911, 63
17, 1651079263993405, 1651079263993465, 60
18, 1651079264008545, 1651079264008667, 122
19, 1651079264022681, 1651079264022701, 20
20, 1651079264041172, 1651079264041442, 270
21, 1651079264055928, 1651079264055947, 19
22, 1651079264072951, 1651079264073079, 128
23, 1651079264087894, 1651079264087955, 61
24, 1651079264104200, 1651079264104355, 155
25, 1651079264120651, 1651079264120899, 248
26, 1651079264134568, 1651079264134629, 61
27, 1651079264154115, 1651079264154258, 143
28, 1651079264169383, 1651079264169553, 170
29, 1651079264188837, 1651079264189002, 165
30, 1651079264202493, 1651079264202641, 148
31, 1651079264218518, 1651079264218682, 164
32, 1651079264235961, 1651079264236126, 165
33, 1651079264253044, 1651079264253106, 62
34, 1651079264269066, 1651079264269209, 143
35, 1651079264284219, 1651079264284349, 130
36, 1651079264299182, 1651079264300170, 988
37, 1651079264314491, 1651079264315006, 515
38, 1651079264328387, 1651079264328561, 174
39, 1651079264349263, 1651079264349737, 474
40, 1651079264362925, 1651079264363091, 166
41, 1651079264379264, 1651079264380227, 963
42, 1651079264396187, 1651079264399876, 3689
43, 1651079264411071, 1651079264411203, 132
44, 1651079264426402, 1651079264426534, 132
45, 1651079264445923, 1651079264446030, 107
46, 1651079264461895, 1651079264462009, 114
47, 1651079264478052, 1651079264478166, 114
48, 1651079264670654, 1651079264670787, 133
49, 1651079264687563, 1651079264687739, 176
50, 1651079264703495, 1651079264703625, 130
51, 1651079264719517, 1651079264719648, 131
52, 1651079264735721, 1651079264735823, 102
53, 1651079264752049, 1651079264752163, 114
54, 1651079264771320, 1651079264771433, 113
55, 1651079264787249, 1651079264787378, 129
56, 1651079264803361, 1651079264803465, 104
57, 1651079264819636, 1651079264819750, 114
58, 1651079264836035, 1651079264836164, 129
59, 1651079264855372, 1651079264855476, 104
60, 1651079264871344, 1651079264871457, 113
61, 1651079264887504, 1651079264887617, 113
62, 1651079264903796, 1651079264903908, 112
63, 1651079264920278, 1651079264920391, 113
64, 1651079264939638, 1651079264939768, 130
65, 1651079264955714, 1651079264955842, 128
66, 1651079264971931, 1651079264972061, 130
67, 1651079264988283, 1651079264988387, 104
68, 1651079265006923, 1651079265007050, 127
69, 1651079265027332, 1651079265027461, 129
70, 1651079265043244, 1651079265043347, 103
71, 1651079265059286, 1651079265059399, 113
72, 1651079265075527, 1651079265075655, 128
73, 1651079265091883, 1651079265091986, 103
74, 1651079265111188, 1651079265111317, 129
75, 1651079265127152, 1651079265127281, 129
76, 1651079265143241, 1651079265143369, 128
77, 1651079265159514, 1651079265159617, 103
78, 1651079265175932, 1651079265176033, 101
79, 1651079265195267, 1651079265195395, 128
80, 1651079265211247, 1651079265211377, 130
81, 1651079265227410, 1651079265227539, 129
82, 1651079265242652, 1651079265242781, 129
83, 1651079265258010, 1651079265258139, 129
84, 1651079265276529, 1651079265276669, 140
85, 1651079265291506, 1651079265291610, 104
86, 1651079265306543, 1651079265306671, 128
87, 1651079265321697, 1651079265321825, 128
88, 1651079265339028, 1651079265339130, 102
89, 1651079265355355, 1651079265355468, 113
90, 1651079265370617, 1651079265370745, 128
91, 1651079265387746, 1651079265387874, 128
92, 1651079265402654, 1651079265402782, 128
93, 1651079265417616, 1651079265417752, 136
94, 1651079265443915, 1651079265444059, 144
95, 1651079265462444, 1651079265462549, 105
96, 1651079265477523, 1651079265477638, 115
97, 1651079265492587, 1651079265492702, 115
98, 1651079265507707, 1651079265507727, 20
99, 1651079265523076, 1651079265523096, 20
100, 1651079265538488, 1651079265538509, 21
101, 1651079265553891, 1651079265553932, 41
102, 1651079265571569, 1651079265571589, 20
103, 1651079265586820, 1651079265586933, 113
104, 1651079265604454, 1651079265604603, 149
105, 1651079265618797, 1651079265618928, 131
106, 1651079265633171, 1651079265633276, 105
107, 1651079265647531, 1651079265647644, 113
108, 1651079265661938, 1651079265662051, 113
109, 1651079265676330, 1651079265676443, 113
110, 1651079265690782, 1651079265690894, 112
111, 1651079265705220, 1651079265705350, 130
112, 1651079265719677, 1651079265719807, 130
113, 1651079265734180, 1651079265734283, 103
114, 1651079265748668, 1651079265748781, 113
115, 1651079265763202, 1651079265763315, 113
116, 1651079265777729, 1651079265777841, 112
117, 1651079265792325, 1651079265792435, 110
118, 1651079265806891, 1651079265807002, 111
119, 1651079265821504, 1651079265821634, 130
120, 1651079265836106, 1651079265836236, 130
121, 1651079265850801, 1651079265850931, 130
122, 1651079265868265, 1651079265868394, 129
123, 1651079265883379, 1651079265883483, 104
124, 1651079265901601, 1651079265901731, 130
125, 1651079265916566, 1651079265916669, 103
126, 1651079265931499, 1651079265931611, 112
127, 1651079265946387, 1651079265946498, 111
128, 1651079265961259, 1651079265961364, 105
129, 1651079265976178, 1651079265976308, 130
130, 1651079265991093, 1651079265991223, 130
131, 1651079266006056, 1651079266006187, 131
132, 1651079266021035, 1651079266021164, 129
133, 1651079266036007, 1651079266036136, 129
134, 1651079266051031, 1651079266051161, 130
135, 1651079266065524, 1651079266065654, 130
136, 1651079266080065, 1651079266080195, 130
137, 1651079266094622, 1651079266094751, 129
138, 1651079266109185, 1651079266109314, 129
139, 1651079266123795, 1651079266123926, 131
140, 1651079266138924, 1651079266139027, 103
141, 1651079266154097, 1651079266154211, 114
142, 1651079266171465, 1651079266171596, 131
143, 1651079266186458, 1651079266186587, 129
144, 1651079266204615, 1651079266204827, 212
145, 1651079266222120, 1651079266222224, 104
146, 1651079266236858, 1651079266236969, 111
147, 1651079266251600, 1651079266251621, 21
148, 1651079266266587, 1651079266266607, 20
149, 1651079266281610, 1651079266281631, 21
150, 1651079266296613, 1651079266296633, 20
151, 1651079266311656, 1651079266311676, 20
152, 1651079266326687, 1651079266326828, 141
153, 1651079266341394, 1651079266341670, 276
154, 1651079266354696, 1651079266354828, 132
155, 1651079266369528, 1651079266369660, 132
156, 1651079266384340, 1651079266384470, 130
157, 1651079266399188, 1651079266399320, 132
158, 1651079266414015, 1651079266414145, 130
159, 1651079266428877, 1651079266429007, 130
160, 1651079266443764, 1651079266443935, 171
161, 1651079266461717, 1651079266462042, 325
162, 1651079266474917, 1651079266474938, 21
163, 1651079266489902, 1651079266489922, 20
164, 1651079266504895, 1651079266504915, 20
165, 1651079266519872, 1651079266519892, 20
166, 1651079266534873, 1651079266534894, 21
167, 1651079266549837, 1651079266549859, 22
168, 1651079266564838, 1651079266564858, 20
169, 1651079266579826, 1651079266579845, 19
170, 1651079266594856, 1651079266594876, 20
171, 1651079266609864, 1651079266609883, 19
172, 1651079266624910, 1651079266625022, 112
173, 1651079266639605, 1651079266639708, 103
174, 1651079266653115, 1651079266653219, 104
175, 1651079266667864, 1651079266668135, 271
176, 1651079266681237, 1651079266681369, 132
177, 1651079266696086, 1651079266696215, 129
178, 1651079266714270, 1651079266714399, 129
179, 1651079266728950, 1651079266729054, 104
180, 1651079266743667, 1651079266743781, 114
181, 1651079266758389, 1651079266758408, 19
182, 1651079266773356, 1651079266773377, 21
183, 1651079266788354, 1651079266788373, 19
184, 1651079266803335, 1651079266803355, 20
185, 1651079266818356, 1651079266818375, 19
186, 1651079266844488, 1651079266844635, 147
187, 1651079266863338, 1651079266863697, 359
188, 1651079266878545, 1651079266878566, 21
189, 1651079266893827, 1651079266893978, 151
190, 1651079266912444, 1651079266912570, 126
191, 1651079266927438, 1651079266927551, 113
192, 1651079266942428, 1651079266942542, 114
193, 1651079266957393, 1651079266957507, 114
194, 1651079266972395, 1651079266972509, 114
195, 1651079266987381, 1651079266987493, 112
196, 1651079267002400, 1651079267002513, 113
197, 1651079267017402, 1651079267017421, 19
198, 1651079267032557, 1651079267032577, 20
199, 1651079267048033, 1651079267048050, 17
200, 1651079267064368, 1651079267064653, 285
201, 1651079267077646, 1651079267077810, 164
202, 1651079267093205, 1651079267093515, 310
203, 1651079267106632, 1651079267106719, 87
204, 1651079267126019, 1651079267126078, 59
205, 1651079267140940, 1651079267140999, 59
206, 1651079267154067, 1651079267154129, 62
207, 1651079267169841, 1651079267169899, 58
208, 1651079267184859, 1651079267184920, 61
209, 1651079267200691, 1651079267200753, 62
210, 1651079267215784, 1651079267215847, 63
211, 1651079267229043, 1651079267229102, 59
212, 1651079267244438, 1651079267244500, 62
213, 1651079267260462, 1651079267260523, 61
214, 1651079267276474, 1651079267276548, 74
215, 1651079267289851, 1651079267289999, 148
216, 1651079267309520, 1651079267309540, 20
217, 1651079267324778, 1651079267324836, 58
218, 1651079267337971, 1651079267338032, 61
219, 1651079267353780, 1651079267353841, 61
220, 1651079267369668, 1651079267369726, 58
221, 1651079267382888, 1651079267382950, 62
222, 1651079267398793, 1651079267398936, 143
223, 1651079267414218, 1651079267414347, 129
224, 1651079267429650, 1651079267429778, 128
225, 1651079267443005, 1651079267443027, 22
226, 1651079267458520, 1651079267458647, 127
227, 1651079267477196, 1651079267477324, 128
228, 1651079267492416, 1651079267492556, 140
229, 1651079267505624, 1651079267505647, 23
230, 1651079267520929, 1651079267520990, 61
231, 1651079267536772, 1651079267536832, 60
232, 1651079267552666, 1651079267552728, 62
233, 1651079267567769, 1651079267567898, 129
234, 1651079267581041, 1651079267581064, 23
235, 1651079267596517, 1651079267596546, 29
236, 1651079267612003, 1651079267612134, 131
237, 1651079267625376, 1651079267627368, 1992
238, 1651079267645692, 1651079267645752, 60
239, 1651079267661456, 1651079267661601, 145
240, 1651079267676694, 1651079267676825, 131
241, 1651079267689933, 1651079267691730, 1797
242, 1651079267706787, 1651079267707486, 699
243, 1651079267721849, 1651079267722003, 154
244, 1651079267737256, 1651079267738108, 852
245, 1651079267750542, 1651079267750696, 154
246, 1651079267766018, 1651079267766908, 890
247, 1651079267779344, 1651079267779497, 153
248, 1651079267794885, 1651079267795196, 311
249, 1651079267811537, 1651079267811689, 152
250, 1651079267826790, 1651079267827653, 863
251, 1651079267839984, 1651079267840137, 153
252, 1651079267855266, 1651079267855920, 654
253, 1651079267868487, 1651079267868656, 169
254, 1651079267883835, 1651079267884025, 190
255, 1651079267897141, 1651079267897288, 147
256, 1651079267912501, 1651079267912666, 165
257, 1651079267927967, 1651079267928127, 160
258, 1651079267941300, 1651079267942728, 1428
259, 1651079267958417, 1651079267959229, 812
260, 1651079267973642, 1651079267973998, 356
261, 1651079267990324, 1651079267990385, 61
262, 1651079268006039, 1651079268006182, 143
263, 1651079268022300, 1651079268022465, 165
264, 1651079268037611, 1651079268037736, 125
265, 1651079268051763, 1651079268051824, 61
266, 1651079268067658, 1651079268067716, 58
267, 1651079268083575, 1651079268083635, 60
268, 1651079268099502, 1651079268099560, 58
269, 1651079268115507, 1651079268115653, 146
270, 1651079268130983, 1651079268131111, 128
271, 1651079268144358, 1651079268144379, 21
272, 1651079268163044, 1651079268163171, 127
273, 1651079268176308, 1651079268176328, 20
274, 1651079268191636, 1651079268191766, 130
275, 1651079268207017, 1651079268207036, 19
276, 1651079268222438, 1651079268222564, 126
277, 1651079268235741, 1651079268235761, 20
278, 1651079268255306, 1651079268255436, 130
279, 1651079268272164, 1651079268272185, 21
280, 1651079268288723, 1651079268288851, 128
281, 1651079268302288, 1651079268302309, 21
282, 1651079268319831, 1651079268319957, 126
283, 1651079268333304, 1651079268333324, 20
284, 1651079268352752, 1651079268352883, 131
285, 1651079268366167, 1651079268366188, 21
286, 1651079268382056, 1651079268382076, 20
287, 1651079268398789, 1651079268398918, 129
288, 1651079268412637, 1651079268412658, 21
289, 1651079268431859, 1651079268432024, 165
290, 1651079268448472, 1651079268448651, 179
291, 1651079268463409, 1651079268463554, 145
292, 1651079268481426, 1651079268481568, 142
293, 1651079268500243, 1651079268500375, 132
294, 1651079268515387, 1651079268516887, 1500
295, 1651079268533254, 1651079268533417, 163
296, 1651079268549804, 1651079268550640, 836
297, 1651079268563580, 1651079268563733, 153
298, 1651079268580989, 1651079268581152, 163
299, 1651079268596168, 1651079268596323, 155
300, 1651079268616166, 1651079268616635, 469
301, 1651079268629900, 1651079268633049, 3149
302, 1651079268647335, 1651079268647492, 157
303, 1651079268664907, 1651079268665069, 162
304, 1651079268683289, 1651079268683434, 145
305, 1651079268704047, 1651079268704211, 164
306, 1651079268719474, 1651079268719605, 131
307, 1651079268734373, 1651079268735494, 1121
308, 1651079268749930, 1651079268750795, 865
309, 1651079268763807, 1651079268764023, 216
310, 1651079268784701, 1651079268784864, 163
311, 1651079268798394, 1651079268798542, 148
312, 1651079268814395, 1651079268814416, 21
313, 1651079268831192, 1651079268831320, 128
314, 1651079268845137, 1651079268845159, 22
315, 1651079268864445, 1651079268864505, 60
316, 1651079268881295, 1651079268881354, 59
317, 1651079268898714, 1651079268898772, 58
318, 1651079268914183, 1651079268914241, 58
319, 1651079268927936, 1651079268927997, 61
320, 1651079268944275, 1651079268944336, 61
321, 1651079268962135, 1651079268962192, 57
322, 1651079268976923, 1651079268977071, 148
323, 1651079268994650, 1651079268994669, 19
324, 1651079269011446, 1651079269011507, 61
325, 1651079269025309, 1651079269025454, 145
326, 1651079269041127, 1651079269041261, 134
327, 1651079269061399, 1651079269061420, 21
328, 1651079269077853, 1651079269077911, 58
329, 1651079269091535, 1651079269091594, 59
330, 1651079269107557, 1651079269107619, 62
331, 1651079269123935, 1651079269123994, 59
332, 1651079269140418, 1651079269140478, 60
333, 1651079269157694, 1651079269157754, 60
334, 1651079269175433, 1651079269175491, 58
335, 1651079269191099, 1651079269191159, 60
336, 1651079269204933, 1651079269204992, 59
337, 1651079269222280, 1651079269222436, 156
338, 1651079269239666, 1651079269239828, 162
339, 1651079269257984, 1651079269258128, 144
340, 1651079269275472, 1651079269275615, 143
341, 1651079269291020, 1651079269291147, 127
342, 1651079269304917, 1651079269304939, 22
343, 1651079269322544, 1651079269322602, 58
344, 1651079269338731, 1651079269338791, 60
345, 1651079269356546, 1651079269356608, 62
346, 1651079269372345, 1651079269372404, 59
347, 1651079269386177, 1651079269386240, 63
348, 1651079269402835, 1651079269402894, 59
349, 1651079269416550, 1651079269416695, 145
350, 1651079269437493, 1651079269437514, 21
351, 1651079269453925, 1651079269453983, 58
352, 1651079269467543, 1651079269467603, 60
353, 1651079269483760, 1651079269483821, 61
354, 1651079269499392, 1651079269499523, 131
355, 1651079269513253, 1651079269513444, 191
356, 1651079269531143, 1651079269532120, 977
357, 1651079269548920, 1651079269549004, 84
358, 1651079269568316, 1651079269568462, 146
359, 1651079269583743, 1651079269583876, 133
360, 1651079269598795, 1651079269598950, 155
361, 1651079269615620, 1651079269615785, 165
362, 1651079269632947, 1651079269633200, 253
363, 1651079269648827, 1651079269648993, 166
364, 1651079269666064, 1651079269666580, 516
365, 1651079269679882, 1651079269680036, 154
366, 1651079269696860, 1651079269697020, 160
367, 1651079269714261, 1651079269714406, 145
368, 1651079269730323, 1651079269730343, 20
369, 1651079269755086, 1651079269755216, 130
370, 1651079269781553, 1651079269781686, 133
371, 1651079269799994, 1651079269800056, 62
372, 1651079269816548, 1651079269816691, 143
373, 1651079269832116, 1651079269832245, 129
374, 1651079269849486, 1651079269849506, 20
375, 1651079269867045, 1651079269867174, 129
376, 1651079269885547, 1651079269885611, 64
377, 1651079269902434, 1651079269902453, 19
378, 1651079269919444, 1651079269919573, 129
379, 1651079269934384, 1651079269934446, 62
380, 1651079269951135, 1651079269951193, 58
381, 1651079269966839, 1651079269966901, 62
382, 1651079269984220, 1651079269984365, 145
383, 1651079270001440, 1651079270001460, 20
384, 1651079270017678, 1651079270017944, 266
385, 1651079270031477, 1651079270031498, 21
386, 1651079270049013, 1651079270049280, 267
387, 1651079270066258, 1651079270068012, 1754
388, 1651079270083000, 1651079270083020, 20
389, 1651079270100063, 1651079270100178, 115
390, 1651079270115220, 1651079270115505, 285
391, 1651079270128954, 1651079270129095, 141
392, 1651079270145264, 1651079270145368, 104
393, 1651079270163923, 1651079270164061, 138
394, 1651079270179812, 1651079270179917, 105
395, 1651079270195859, 1651079270195971, 112
396, 1651079270212063, 1651079270212084, 21
397, 1651079270227848, 1651079270227869, 21
398, 1651079270243715, 1651079270243734, 19
399, 1651079270262728, 1651079270262747, 19
400, 1651079270280416, 1651079270280435, 19
401, 1651079270297153, 1651079270297172, 19
402, 1651079270312757, 1651079270312778, 21
403, 1651079270328515, 1651079270328545, 30
404, 1651079270359740, 1651079270359759, 19
405, 1651079270373718, 1651079270373819, 101
406, 1651079270389718, 1651079270389854, 136
407, 1651079270405905, 1651079270406007, 102
408, 1651079270422254, 1651079270422418, 164
409, 1651079270441674, 1651079270441776, 102
410, 1651079270457592, 1651079270457726, 134
411, 1651079270473638, 1651079270473740, 102
412, 1651079270489887, 1651079270490022, 135
413, 1651079270506349, 1651079270506450, 101
414, 1651079270525906, 1651079270526042, 136
415, 1651079270541931, 1651079270542031, 100
416, 1651079270558139, 1651079270558274, 135
417, 1651079270574511, 1651079270574612, 101
418, 1651079270590952, 1651079270591062, 110
419, 1651079270610444, 1651079270610465, 21
420, 1651079270628009, 1651079270628030, 21
421, 1651079270644628, 1651079270644648, 20
422, 1651079270660151, 1651079270660172, 21
423, 1651079270675825, 1651079270675845, 20
424, 1651079270694712, 1651079270694731, 19
425, 1651079270710067, 1651079270710088, 21
426, 1651079270725548, 1651079270725568, 20
427, 1651079270741118, 1651079270741139, 21
428, 1651079270758794, 1651079270758813, 19
429, 1651079270776710, 1651079270776772, 62
430, 1651079270794446, 1651079270794584, 138
431, 1651079270810677, 1651079270810808, 131
432, 1651079270824495, 1651079270827002, 2507
433, 1651079270840279, 1651079270840342, 63
434, 1651079270860420, 1651079270860570, 150
435, 1651079270878764, 1651079270878891, 127
436, 1651079270892280, 1651079270892302, 22
437, 1651079270908319, 1651079270908378, 59
438, 1651079270922015, 1651079270922077, 62
439, 1651079270938776, 1651079270938912, 136
440, 1651079270954495, 1651079270954515, 20
441, 1651079270973020, 1651079270973146, 126
442, 1651079270986695, 1651079270986714, 19
443, 1651079271003971, 1651079271004032, 61
444, 1651079271017863, 1651079271018003, 140
445, 1651079271034198, 1651079271034218, 20
446, 1651079271058334, 1651079271058392, 58
447, 1651079271071926, 1651079271072067, 141
448, 1651079271086834, 1651079271086853, 19
449, 1651079271102975, 1651079271103052, 77
450, 1651079271117952, 1651079271118629, 677
451, 1651079271133631, 1651079271133694, 63
452, 1651079271154015, 1651079271154267, 252
453, 1651079271167629, 1651079271167648, 19
454, 1651079271184862, 1651079271185037, 175
455, 1651079271202277, 1651079271203037, 760
456, 1651079271216164, 1651079271216184, 20
457, 1651079271232781, 1651079271232802, 21
458, 1651079271256435, 1651079271256498, 63
459, 1651079271270073, 1651079271270237, 164
460, 1651079271285988, 1651079271286010, 22
461, 1651079271307519, 1651079271307584, 65
462, 1651079271334772, 1651079271334835, 63
463, 1651079271349746, 1651079271349805, 59
464, 1651079271367432, 1651079271367496, 64
465, 1651079271385876, 1651079271385935, 59
466, 1651079271401636, 1651079271401694, 58
467, 1651079271415007, 1651079271415069, 62
468, 1651079271431245, 1651079271431304, 59
469, 1651079271445972, 1651079271446033, 61
470, 1651079271462297, 1651079271462432, 135
471, 1651079271477146, 1651079271477167, 21
472, 1651079271492790, 1651079271492809, 19
473, 1651079271508509, 1651079271508782, 273
474, 1651079271522071, 1651079271522243, 172
475, 1651079271541169, 1651079271541748, 579
476, 1651079271554632, 1651079271556872, 2240
477, 1651079271570026, 1651079271570088, 62
478, 1651079271586342, 1651079271586479, 137
479, 1651079271601092, 1651079271601354, 262
480, 1651079271614649, 1651079271614815, 166
481, 1651079271630280, 1651079271630341, 61
482, 1651079271646775, 1651079271646908, 133
483, 1651079271661695, 1651079271661815, 120
484, 1651079271675337, 1651079271675507, 170
485, 1651079271693247, 1651079271693688, 441
486, 1651079271708009, 1651079271708071, 62
487, 1651079271727895, 1651079271727958, 63
488, 1651079271742553, 1651079271742676, 123
489, 1651079271756032, 1651079271756051, 19
490, 1651079271771574, 1651079271771632, 58
491, 1651079271785053, 1651079271962304, 177251
492, 1651079271970647, 1651079271972228, 1581
493, 1651079271985030, 1651079271985095, 65
494, 1651079272001546, 1651079272001611, 65
495, 1651079272017888, 1651079272017947, 59
496, 1651079272032690, 1651079272032750, 60
497, 1651079272046217, 1651079272046280, 63
498, 1651079272062710, 1651079272062845, 135
499, 1651079272080943, 1651079272081068, 125
500, 1651079272094335, 1651079272094354, 19
501, 1651079272109788, 1651079272111093, 1305
502, 1651079272123147, 1651079272123294, 147
503, 1651079272136678, 1651079272136753, 75
504, 1651079272153314, 1651079272153374, 60
505, 1651079272169723, 1651079272169856, 133
506, 1651079272184626, 1651079272184646, 20
507, 1651079272200347, 1651079272200467, 120
508, 1651079272213944, 1651079272213966, 22
509, 1651079272229745, 1651079272229870, 125
510, 1651079272243435, 1651079272243478, 43
511, 1651079272264409, 1651079272264469, 60
512, 1651079272279836, 1651079272279858, 22
513, 1651079272295255, 1651079272295313, 58
514, 1651079272308636, 1651079272308698, 62
515, 1651079272324909, 1651079272325043, 134
516, 1651079272339609, 1651079272339730, 121
517, 1651079272355955, 1651079272356087, 132
518, 1651079272370418, 1651079272370523, 105
519, 1651079272384920, 1651079272385034, 114
520, 1651079272399417, 1651079272399519, 102
521, 1651079272413958, 1651079272414089, 131
522, 1651079272428486, 1651079272428630, 144
523, 1651079272443077, 1651079272443208, 131
524, 1651079272457643, 1651079272457775, 132
525, 1651079272472254, 1651079272472385, 131
526, 1651079272489980, 1651079272490109, 129
527, 1651079272504391, 1651079272504520, 129
528, 1651079272518854, 1651079272518985, 131
529, 1651079272533310, 1651079272533441, 131
530, 1651079272547814, 1651079272547918, 104
531, 1651079272564432, 1651079272564558, 126
532, 1651079272579996, 1651079272580108, 112
533, 1651079272594342, 1651079272594454, 112
534, 1651079272608742, 1651079272608854, 112
535, 1651079272623144, 1651079272623256, 112
536, 1651079272637565, 1651079272637677, 112
537, 1651079272652030, 1651079272652050, 20
538, 1651079272667265, 1651079272667285, 20
539, 1651079272682556, 1651079272682576, 20
540, 1651079272697856, 1651079272697877, 21
541, 1651079272713147, 1651079272713167, 20
542, 1651079272728481, 1651079272728606, 125
543, 1651079272743040, 1651079272743152, 112
544, 1651079272757633, 1651079272757762, 129
545, 1651079272772217, 1651079272772321, 104
546, 1651079272789952, 1651079272790064, 112
547, 1651079272804412, 1651079272804524, 112
548, 1651079272818867, 1651079272818980, 113
549, 1651079272833368, 1651079272833480, 112
550, 1651079272847862, 1651079272847975, 113
551, 1651079272864523, 1651079272864546, 23
552, 1651079272889780, 1651079272889885, 105
553, 1651079272909839, 1651079272909974, 135
554, 1651079272928782, 1651079272928886, 104
555, 1651079272946562, 1651079272946675, 113
556, 1651079272961060, 1651079272961173, 113
557, 1651079272975553, 1651079272975666, 113
558, 1651079272990060, 1651079272990191, 131
559, 1651079273004613, 1651079273004745, 132
560, 1651079273019160, 1651079273019291, 131
561, 1651079273033747, 1651079273033905, 158
562, 1651079273048394, 1651079273048525, 131
563, 1651079273063094, 1651079273063197, 103
564, 1651079273077783, 1651079273077894, 111
565, 1651079273092527, 1651079273092670, 143
566, 1651079273107264, 1651079273107393, 129
567, 1651079273122012, 1651079273122143, 131
568, 1651079273136811, 1651079273137045, 234
569, 1651079273155993, 1651079273156096, 103
570, 1651079273170746, 1651079273170882, 136
571, 1651079273187376, 1651079273187871, 495
572, 1651079273201872, 1651079273202003, 131
573, 1651079273216062, 1651079273216194, 132
574, 1651079273230237, 1651079273230369, 132
575, 1651079273244449, 1651079273244599, 150
576, 1651079273258664, 1651079273258795, 131
577, 1651079273272912, 1651079273273043, 131
578, 1651079273287128, 1651079273287258, 130
579, 1651079273301350, 1651079273301481, 131
580, 1651079273315673, 1651079273315836, 163
581, 1651079273330345, 1651079273331843, 1498
582, 1651079273343527, 1651079273343727, 200
583, 1651079273356766, 1651079273356786, 20
584, 1651079273371917, 1651079273371937, 20
585, 1651079273387050, 1651079273387070, 20
586, 1651079273402148, 1651079273402168, 20
587, 1651079273420605, 1651079273420626, 21
588, 1651079273435541, 1651079273435654, 113
589, 1651079273450053, 1651079273450190, 137
590, 1651079273463206, 1651079273463715, 509
591, 1651079273478583, 1651079273478689, 106
592, 1651079273492801, 1651079273492933, 132
593, 1651079273507061, 1651079273507192, 131
594, 1651079273521299, 1651079273521430, 131
595, 1651079273535575, 1651079273535679, 104
596, 1651079273549827, 1651079273549939, 112
597, 1651079273564116, 1651079273564229, 113
598, 1651079273578393, 1651079273578505, 112
599, 1651079273592677, 1651079273592790, 113
600, 1651079273607004, 1651079273607116, 112
601, 1651079273621306, 1651079273621436, 130
602, 1651079273635646, 1651079273635778, 132
603, 1651079273649967, 1651079273650098, 131
604, 1651079273667672, 1651079273667803, 131
605, 1651079273681826, 1651079273681956, 130
606, 1651079273696016, 1651079273696177, 161
607, 1651079273710520, 1651079273712137, 1617
608, 1651079273723590, 1651079273723725, 135
609, 1651079273736864, 1651079273736885, 21
610, 1651079273751930, 1651079273751950, 20
611, 1651079273766947, 1651079273766967, 20
612, 1651079273781977, 1651079273782137, 160
613, 1651079273796606, 1651079273796690, 84
614, 1651079273812839, 1651079273812989, 150
615, 1651079273827576, 1651079273827709, 133
616, 1651079273843115, 1651079273843136, 21
617, 1651079273861996, 1651079273862056, 60
618, 1651079273876001, 1651079273876023, 22
619, 1651079273891301, 1651079273891360, 59
620, 1651079273904423, 1651079273904484, 61
621, 1651079273920493, 1651079273920647, 154
622, 1651079273935116, 1651079273935136, 20
623, 1651079273950483, 1651079273950542, 59
624, 1651079273963669, 1651079273963730, 61
625, 1651079273979874, 1651079273979934, 60
626, 1651079273994613, 1651079273994671, 58
627, 1651079274010874, 1651079274010933, 59
628, 1651079274025706, 1651079274025767, 61
629, 1651079274045159, 1651079274045301, 142
630, 1651079274059694, 1651079274059713, 19
631, 1651079274074942, 1651079274075070, 128
632, 1651079274088150, 1651079274088171, 21
633, 1651079274103458, 1651079274103519, 61
634, 1651079274117568, 1651079274117629, 61
635, 1651079274132004, 1651079274132065, 61
636, 1651079274148230, 1651079274148293, 63
637, 1651079274163012, 1651079274163070, 58
638, 1651079274176250, 1651079274176312, 62
639, 1651079274192570, 1651079274192632, 62
640, 1651079274210540, 1651079274210599, 59
641, 1651079274226567, 1651079274226589, 22
642, 1651079274241542, 1651079274241562, 20
643, 1651079274256550, 1651079274256570, 20
644, 1651079274280742, 1651079274280762, 20
645, 1651079274307127, 1651079274307147, 20
646, 1651079274327340, 1651079274327445, 105
647, 1651079274345881, 1651079274346019, 138
648, 1651079274361024, 1651079274361127, 103
649, 1651079274376252, 1651079274376389, 137
650, 1651079274391515, 1651079274391618, 103
651, 1651079274406871, 1651079274407009, 138
652, 1651079274453611, 1651079274453713, 102
653, 1651079274468703, 1651079274468839, 136
654, 1651079274483882, 1651079274483984, 102
655, 1651079274499103, 1651079274499240, 137
656, 1651079274514418, 1651079274514519, 101
657, 1651079274529779, 1651079274529914, 135
658, 1651079274545245, 1651079274545346, 101
659, 1651079274563859, 1651079274563970, 111
660, 1651079274579085, 1651079274579220, 135
661, 1651079274594369, 1651079274594470, 101
662, 1651079274609700, 1651079274609835, 135
663, 1651079274625113, 1651079274625214, 101
664, 1651079274640566, 1651079274640729, 163
665, 1651079274658372, 1651079274658473, 101
666, 1651079274675685, 1651079274675796, 111
667, 1651079274691998, 1651079274692134, 136
668, 1651079274707158, 1651079274707257, 99
669, 1651079274722407, 1651079274722543, 136
670, 1651079274737727, 1651079274737828, 101
671, 1651079274753076, 1651079274753213, 137
672, 1651079274771653, 1651079274771753, 100
673, 1651079274786769, 1651079274786879, 110
674, 1651079274801970, 1651079274801990, 20
675, 1651079274817757, 1651079274817776, 19
676, 1651079274833655, 1651079274833676, 21
677, 1651079274849617, 1651079274849638, 21
678, 1651079274865703, 1651079274865724, 21
679, 1651079274884802, 1651079274884822, 20
680, 1651079274900483, 1651079274900504, 21
681, 1651079274916302, 1651079274916322, 20
682, 1651079274932170, 1651079274932190, 20
683, 1651079274948162, 1651079274948183, 21
684, 1651079274964225, 1651079274964244, 19
685, 1651079274983702, 1651079274983721, 19
686, 1651079275001468, 1651079275001603, 135
687, 1651079275017751, 1651079275017885, 134
688, 1651079275032904, 1651079275033005, 101
689, 1651079275048101, 1651079275048235, 134
690, 1651079275063388, 1651079275063488, 100
691, 1651079275078714, 1651079275078847, 133
692, 1651079275097258, 1651079275097359, 101
693, 1651079275112367, 1651079275112503, 136
694, 1651079275127576, 1651079275127677, 101
695, 1651079275142848, 1651079275142984, 136
696, 1651079275158178, 1651079275158278, 100
697, 1651079275173570, 1651079275173705, 135
698, 1651079275189000, 1651079275189100, 100
699, 1651079275207634, 1651079275207770, 136
700, 1651079275222834, 1651079275222968, 134
701, 1651079275238117, 1651079275238217, 100
702, 1651079275253434, 1651079275253569, 135
703, 1651079275268854, 1651079275268956, 102
704, 1651079275284310, 1651079275284445, 135
705, 1651079275302100, 1651079275302199, 99
706, 1651079275319441, 1651079275319551, 110
707, 1651079275335722, 1651079275335855, 133
708, 1651079275350906, 1651079275351007, 101
709, 1651079275366130, 1651079275366305, 175
710, 1651079275385531, 1651079275385702, 171
711, 1651079275401285, 1651079275401389, 104
712, 1651079275419796, 1651079275419906, 110
713, 1651079275434765, 1651079275434875, 110
714, 1651079275449791, 1651079275449928, 137
715, 1651079275464914, 1651079275465073, 159
716, 1651079275480176, 1651079275480278, 102
717, 1651079275495480, 1651079275495591, 111
718, 1651079275510908, 1651079275511043, 135
719, 1651079275529326, 1651079275529429, 103
720, 1651079275544439, 1651079275544558, 119
721, 1651079275559651, 1651079275559787, 136
722, 1651079275577070, 1651079275577205, 135
723, 1651079275593467, 1651079275593569, 102
724, 1651079275609792, 1651079275609966, 174
725, 1651079275627810, 1651079275627921, 111
726, 1651079275641643, 1651079275641660, 17
727, 1651079275658670, 1651079275658691, 21
728, 1651079275674780, 1651079275674800, 20
729, 1651079275691024, 1651079275691042, 18
730, 1651079275709643, 1651079275709663, 20
731, 1651079275725462, 1651079275725480, 18
732, 1651079275741472, 1651079275741492, 20
733, 1651079275757632, 1651079275757650, 18
734, 1651079275773928, 1651079275773948, 20
735, 1651079275802018, 1651079275802037, 19
736, 1651079275821126, 1651079275821147, 21
737, 1651079275845782, 1651079275845801, 19
738, 1651079275866452, 1651079275866473, 21
739, 1651079275882834, 1651079275882854, 20
740, 1651079275902323, 1651079275902342, 19
741, 1651079275918297, 1651079275918317, 20
742, 1651079275934399, 1651079275934419, 20
743, 1651079275950694, 1651079275950714, 20
744, 1651079275967114, 1651079275967133, 19
745, 1651079275986666, 1651079275986685, 19
746, 1651079276002670, 1651079276002689, 19
747, 1651079276018852, 1651079276018871, 19
748, 1651079276037275, 1651079276037295, 20
749, 1651079276054790, 1651079276054810, 20
750, 1651079276074200, 1651079276074219, 19
751, 1651079276090063, 1651079276090084, 21
752, 1651079276106111, 1651079276106131, 20
753, 1651079276122292, 1651079276122312, 20
754, 1651079276138680, 1651079276138700, 20
755, 1651079276158109, 1651079276158129, 20
756, 1651079276174056, 1651079276174076, 20
757, 1651079276190125, 1651079276190146, 21
758, 1651079276206379, 1651079276206398, 19
759, 1651079276222794, 1651079276222814, 20
760, 1651079276242265, 1651079276242284, 19
761, 1651079276258258, 1651079276258278, 20
762, 1651079276274349, 1651079276274369, 20
763, 1651079276290636, 1651079276290655, 19
764, 1651079276307048, 1651079276307069, 21
765, 1651079276326576, 1651079276326595, 19
766, 1651079276342559, 1651079276342720, 161
767, 1651079276358216, 1651079276358318, 102
768, 1651079276376097, 1651079276376233, 136
769, 1651079276392988, 1651079276393088, 100
770, 1651079276411935, 1651079276412070, 135
771, 1651079276427299, 1651079276427399, 100
772, 1651079276442818, 1651079276442954, 136
773, 1651079276458431, 1651079276458531, 100
774, 1651079276474193, 1651079276474328, 135
775, 1651079276493153, 1651079276493286, 133
776, 1651079276508595, 1651079276508697, 102
777, 1651079276524152, 1651079276524287, 135
778, 1651079276539804, 1651079276539904, 100
779, 1651079276555610, 1651079276555745, 135
780, 1651079276574630, 1651079276574732, 102
781, 1651079276590118, 1651079276590254, 136
782, 1651079276605696, 1651079276605797, 101
783, 1651079276621421, 1651079276621556, 135
784, 1651079276637245, 1651079276637380, 135
785, 1651079276656324, 1651079276656458, 134
786, 1651079276671853, 1651079276671955, 102
787, 1651079276687479, 1651079276687614, 135
788, 1651079276705361, 1651079276705496, 135
789, 1651079276722246, 1651079276722347, 101
790, 1651079276741194, 1651079276741329, 135
791, 1651079276756561, 1651079276756662, 101
792, 1651079276772079, 1651079276772214, 135
793, 1651079276787683, 1651079276787783, 100
794, 1651079276803447, 1651079276803581, 134
795, 1651079276822524, 1651079276822625, 101
796, 1651079276838021, 1651079276838155, 134
797, 1651079276853670, 1651079276853771, 101
798, 1651079276869408, 1651079276869543, 135
799, 1651079276885302, 1651079276885403, 101
800, 1651079276904348, 1651079276904482, 134
801, 1651079276919820, 1651079276919920, 100
802, 1651079276935369, 1651079276935504, 135
803, 1651079276951078, 1651079276951179, 101
804, 1651079276966911, 1651079276967046, 135
805, 1651079276985948, 1651079276986048, 100
806, 1651079277001470, 1651079277001605, 135
807, 1651079277017069, 1651079277017170, 101
808, 1651079277034941, 1651079277035076, 135
809, 1651079277051792, 1651079277051926, 134
810, 1651079277070752, 1651079277070853, 101
811, 1651079277086116, 1651079277086225, 109
812, 1651079277101658, 1651079277101792, 134
813, 1651079277117290, 1651079277117425, 135
814, 1651079277133016, 1651079277133116, 100
815, 1651079277151999, 1651079277152108, 109
816, 1651079277167410, 1651079277167545, 135
817, 1651079277182971, 1651079277183130, 159
818, 1651079277198662, 1651079277198798, 136
819, 1651079277214472, 1651079277214573, 101
820, 1651079277232885, 1651079277233018, 133
821, 1651079277246569, 1651079277246590, 21
822, 1651079277262795, 1651079277262925, 130
823, 1651079277276588, 1651079277276609, 21
824, 1651079277293029, 1651079277293158, 129
825, 1651079277306964, 1651079277306979, 15
826, 1651079277330976, 1651079277331038, 62
827, 1651079277346895, 1651079277346955, 60
828, 1651079277362011, 1651079277362070, 59
829, 1651079277380320, 1651079277380383, 63
830, 1651079277401372, 1651079277401432, 60
831, 1651079277416489, 1651079277416509, 20
832, 1651079277439548, 1651079277439819, 271
833, 1651079277453160, 1651079277453756, 596
834, 1651079277468602, 1651079277468622, 20
835, 1651079277485234, 1651079277485363, 129
836, 1651079277499060, 1651079277501466, 2406
837, 1651079277515422, 1651079277515577, 155
838, 1651079277531897, 1651079277532073, 176
839, 1651079277545604, 1651079277545749, 145
840, 1651079277562959, 1651079277563102, 143
841, 1651079277578721, 1651079277578847, 126
842, 1651079277592664, 1651079277592684, 20
843, 1651079277616254, 1651079277616384, 130
844, 1651079277629851, 1651079277629873, 22
845, 1651079277646371, 1651079277646498, 127
846, 1651079277660092, 1651079277660113, 21
847, 1651079277676890, 1651079277677023, 133
848, 1651079277692934, 1651079277698971, 6037
849, 1651079277708733, 1651079277708901, 168
850, 1651079277724911, 1651079277724994, 83
851, 1651079277750006, 1651079277750111, 105
852, 1651079277765869, 1651079277766007, 138
853, 1651079277784911, 1651079277785050, 139
854, 1651079277802564, 1651079277802665, 101
855, 1651079277819747, 1651079277819918, 171
856, 1651079277835891, 1651079277836493, 602
857, 1651079277849701, 1651079277849856, 155
858, 1651079277866005, 1651079277866540, 535
859, 1651079277882062, 1651079277882215, 153
860, 1651079277898034, 1651079277898869, 835
861, 1651079277911755, 1651079277911906, 151
862, 1651079277927959, 1651079277928126, 167
863, 1651079277944238, 1651079277944401, 163
864, 1651079277960683, 1651079277960847, 164
865, 1651079277974706, 1651079277974853, 147
866, 1651079277993834, 1651079277993962, 128
867, 1651079278010719, 1651079278010967, 248
868, 1651079278027772, 1651079278027936, 164
869, 1651079278044020, 1651079278044610, 590
870, 1651079278057894, 1651079278057914, 20
871, 1651079278077158, 1651079278077427, 269
872, 1651079278090809, 1651079278090972, 163
873, 1651079278106925, 1651079278107227, 302
874, 1651079278120750, 1651079278123457, 2707
875, 1651079278136989, 1651079278137050, 61
876, 1651079278154587, 1651079278154646, 59
877, 1651079278173632, 1651079278173761, 129
878, 1651079278187327, 1651079278187463, 136
879, 1651079278205992, 1651079278206052, 60
880, 1651079278223160, 1651079278223217, 57
881, 1651079278238807, 1651079278238865, 58
882, 1651079278252677, 1651079278253609, 932
883, 1651079278269202, 1651079278269383, 181
884, 1651079278286965, 1651079278287111, 146
885, 1651079278302738, 1651079278302867, 129
886, 1651079278316677, 1651079278316697, 20
887, 1651079278336355, 1651079278336485, 130
888, 1651079278352389, 1651079278355409, 3020
889, 1651079278368211, 1651079278368233, 22
890, 1651079278384228, 1651079278384354, 126
891, 1651079278397981, 1651079278398001, 20
892, 1651079278414210, 1651079278414338, 128
893, 1651079278428102, 1651079278428123, 21
894, 1651079278446740, 1651079278446869, 129
895, 1651079278460424, 1651079278460583, 159
896, 1651079278478161, 1651079278478303, 142
897, 1651079278493868, 1651079278493995, 127
898, 1651079278507824, 1651079278507844, 20
899, 1651079278527421, 1651079278527550, 129
900, 1651079278543654, 1651079278543783, 129
901, 1651079278562922, 1651079278563048, 126
902, 1651079278576585, 1651079278576605, 20
903, 1651079278592606, 1651079278592738, 132
904, 1651079278608758, 1651079278608778, 20
905, 1651079278625044, 1651079278625175, 131
906, 1651079278641408, 1651079278641428, 20
907, 1651079278660120, 1651079278660251, 131
908, 1651079278676171, 1651079278676191, 20
909, 1651079278692391, 1651079278692518, 127
910, 1651079278709378, 1651079278709522, 144
911, 1651079278726911, 1651079278727052, 141
912, 1651079278742509, 1651079278742637, 128
913, 1651079278756435, 1651079278757977, 1542
914, 1651079278775764, 1651079278775785, 21
915, 1651079278791765, 1651079278791894, 129
916, 1651079278805546, 1651079278805566, 20
917, 1651079278821783, 1651079278821911, 128
918, 1651079278846080, 1651079278846227, 147
919, 1651079278868374, 1651079278868503, 129
920, 1651079278893551, 1651079278893748, 197
921, 1651079278907286, 1651079278907431, 145
922, 1651079278927388, 1651079278927543, 155
923, 1651079278943718, 1651079278944112, 394
924, 1651079278957665, 1651079278957688, 23
925, 1651079278977495, 1651079278977757, 262
926, 1651079278991207, 1651079278991226, 19
927, 1651079279007978, 1651079279008246, 268
928, 1651079279024910, 1651079279024984, 74
929, 1651079279039785, 1651079279039846, 61
930, 1651079279057221, 1651079279057281, 60
931, 1651079279076098, 1651079279076159, 61
932, 1651079279090855, 1651079279090877, 22
933, 1651079279107519, 1651079279107581, 62
934, 1651079279122546, 1651079279122606, 60
935, 1651079279140569, 1651079279140586, 17
936, 1651079279158957, 1651079279158978, 21
937, 1651079279174919, 1651079279174938, 19
938, 1651079279191070, 1651079279191091, 21
939, 1651079279207342, 1651079279207363, 21
940, 1651079279225990, 1651079279226009, 19
941, 1651079279245477, 1651079279245658, 181
942, 1651079279261441, 1651079279261890, 449
943, 1651079279275282, 1651079279275451, 169
944, 1651079279290941, 1651079279291003, 62
945, 1651079279492218, 1651079279492475, 257
946, 1651079279505794, 1651079279505990, 196
947, 1651079279523170, 1651079279523309, 139
948, 1651079279538675, 1651079279538803, 128
949, 1651079279552405, 1651079279552423, 18
950, 1651079279569217, 1651079279569392, 175
951, 1651079279589312, 1651079279589488, 176
952, 1651079279603056, 1651079279603195, 139
953, 1651079279618657, 1651079279618678, 21
954, 1651079279634997, 1651079279635018, 21
955, 1651079279651943, 1651079279652003, 60
956, 1651079279670274, 1651079279670296, 22
957, 1651079279690066, 1651079279690126, 60
958, 1651079279703629, 1651079279703693, 64
959, 1651079279720800, 1651079279720860, 60
960, 1651079279736414, 1651079279736474, 60
961, 1651079279750263, 1651079279750326, 63
962, 1651079279770664, 1651079279770798, 134
963, 1651079279786203, 1651079279786324, 121
964, 1651079279799969, 1651079279799990, 21
965, 1651079279816800, 1651079279816859, 59
966, 1651079279830707, 1651079279830769, 62
967, 1651079279850289, 1651079279850352, 63
968, 1651079279869066, 1651079279869126, 60
969, 1651079279883860, 1651079279883880, 20
970, 1651079279900446, 1651079279900466, 20
971, 1651079279916700, 1651079279916743, 43
972, 1651079279933064, 1651079279933085, 21
973, 1651079279952642, 1651079279952704, 62
974, 1651079279967390, 1651079279967451, 61
975, 1651079279984625, 1651079279984685, 60
976, 1651079280000365, 1651079280000428, 63
977, 1651079280017841, 1651079280017975, 134
978, 1651079280033752, 1651079280033873, 121
979, 1651079280054223, 1651079280054360, 137
980, 1651079280071057, 1651079280071190, 133
981, 1651079280086539, 1651079280086560, 21
982, 1651079280103168, 1651079280103228, 60
983, 1651079280118211, 1651079280118229, 18
984, 1651079280136829, 1651079280136887, 58
985, 1651079280150392, 1651079280150455, 63
986, 1651079280167561, 1651079280167694, 133
987, 1651079280183251, 1651079280183371, 120
988, 1651079280197139, 1651079280197161, 22
989, 1651079280214197, 1651079280214218, 21
990, 1651079280237604, 1651079280237663, 59
991, 1651079280252308, 1651079280252368, 60
992, 1651079280269298, 1651079280269374, 76
993, 1651079280289801, 1651079280289862, 61
994, 1651079280305256, 1651079280305316, 60
995, 1651079280319972, 1651079280320353, 381
996, 1651079280333724, 1651079280335003, 1279
997, 1651079280351290, 1651079280351353, 63
998, 1651079280371466, 1651079280371527, 61
999, 1651079280386678, 1651079280386805, 127

