0, 1651078927590292, 1651078927590571, 279
1, 1651078927615171, 1651078927616132, 961
2, 1651078927630420, 1651078927630523, 103
3, 1651078927647768, 1651078927647785, 17
4, 1651078927662695, 1651078927662798, 103
5, 1651078927676550, 1651078927676569, 19
6, 1651078927689164, 1651078927689181, 17
7, 1651078927701787, 1651078927701804, 17
8, 1651078927714431, 1651078927714449, 18
9, 1651078927727103, 1651078927727121, 18
10, 1651078927739807, 1651078927739907, 100
11, 1651078927753820, 1651078927753919, 99
12, 1651078927767915, 1651078927767934, 19
13, 1651078927780704, 1651078927780803, 99
14, 1651078927794842, 1651078927794860, 18
15, 1651078927807641, 1651078927807658, 17
16, 1651078927820458, 1651078927820475, 17
17, 1651078927833340, 1651078927833439, 99
18, 1651078927847665, 1651078927847765, 100
19, 1651078927865362, 1651078927865460, 98
20, 1651078927879371, 1651078927879468, 97
21, 1651078927893382, 1651078927893479, 97
22, 1651078927907441, 1651078927907459, 18
23, 1651078927923438, 1651078927923537, 99
24, 1651078927937411, 1651078927937430, 19
25, 1651078927950076, 1651078927950174, 98
26, 1651078927964101, 1651078927964117, 16
27, 1651078927976840, 1651078927976857, 17
28, 1651078927989567, 1651078927989584, 17
29, 1651078928002320, 1651078928002337, 17
30, 1651078928015078, 1651078928015177, 99
31, 1651078928029334, 1651078928029430, 96
32, 1651078928046976, 1651078928047076, 100
33, 1651078928060891, 1651078928061037, 146
34, 1651078928074976, 1651078928075115, 139
35, 1651078928089974, 1651078928090206, 232
36, 1651078928105159, 1651078928105389, 230
37, 1651078928120459, 1651078928120693, 234
38, 1651078928134588, 1651078928134786, 198
39, 1651078928148771, 1651078928148961, 190
40, 1651078928166171, 1651078928166278, 107
41, 1651078928180262, 1651078928180369, 107
42, 1651078928194375, 1651078928194482, 107
43, 1651078928211724, 1651078928211829, 105
44, 1651078928225766, 1651078928225954, 188
45, 1651078928239670, 1651078928239690, 20
46, 1651078928254926, 1651078928255033, 107
47, 1651078928269134, 1651078928269152, 18
48, 1651078928281941, 1651078928282047, 106
49, 1651078928299574, 1651078928299732, 158
50, 1651078928313598, 1651078928313616, 18
51, 1651078928326299, 1651078928326317, 18
52, 1651078928339016, 1651078928339123, 107
53, 1651078928353052, 1651078928353070, 18
54, 1651078928365841, 1651078928365947, 106
55, 1651078928379945, 1651078928380051, 106
56, 1651078928394094, 1651078928394202, 108
57, 1651078928408323, 1651078928408341, 18
58, 1651078928421200, 1651078928421217, 17
59, 1651078928434078, 1651078928434096, 18
60, 1651078928446976, 1651078928447162, 186
61, 1651078928461174, 1651078928482465, 21291
62, 1651078928489631, 1651078928489651, 20
63, 1651078928506609, 1651078928506624, 15
64, 1651078928521933, 1651078928521948, 15
65, 1651078928537295, 1651078928537311, 16
66, 1651078928552734, 1651078928552749, 15
67, 1651078928568276, 1651078928568291, 15
68, 1651078928583859, 1651078928583875, 16
69, 1651078928599553, 1651078928599568, 15
70, 1651078928617073, 1651078928617089, 16
71, 1651078928632530, 1651078928632554, 24
72, 1651078928651032, 1651078928651050, 18
73, 1651078928666336, 1651078928666353, 17
74, 1651078928681689, 1651078928681705, 16
75, 1651078928695712, 1651078928695729, 17
76, 1651078928709823, 1651078928709838, 15
77, 1651078928725400, 1651078928725415, 15
78, 1651078928743265, 1651078928743281, 16
79, 1651078928758533, 1651078928758549, 16
80, 1651078928772441, 1651078928772457, 16
81, 1651078928787727, 1651078928787744, 17
82, 1651078928803240, 1651078928803257, 17
83, 1651078928821895, 1651078928821910, 15
84, 1651078928837156, 1651078928837172, 16
85, 1651078928852550, 1651078928852567, 17
86, 1651078928867966, 1651078928867984, 18
87, 1651078928883483, 1651078928883498, 15
88, 1651078928902154, 1651078928902171, 17
89, 1651078928917451, 1651078928917469, 18
90, 1651078928932801, 1651078928932817, 16
91, 1651078928948254, 1651078928948270, 16
92, 1651078928963766, 1651078928963781, 15
93, 1651078928982441, 1651078928982459, 18
94, 1651078928997749, 1651078928997764, 15
95, 1651078929020934, 1651078929020950, 16
96, 1651078929039468, 1651078929039487, 19
97, 1651078929054626, 1651078929054641, 15
98, 1651078929069812, 1651078929069828, 16
99, 1651078929083670, 1651078929083686, 16
100, 1651078929100759, 1651078929100777, 18
101, 1651078929116873, 1651078929116919, 46
102, 1651078929131893, 1651078929131911, 18
103, 1651078929146964, 1651078929146979, 15
104, 1651078929165047, 1651078929165065, 18
105, 1651078929179896, 1651078929179911, 15
106, 1651078929193867, 1651078929193883, 16
107, 1651078929208869, 1651078929208885, 16
108, 1651078929222943, 1651078929222958, 15
109, 1651078929241385, 1651078929241403, 18
110, 1651078929255325, 1651078929255341, 16
111, 1651078929269279, 1651078929269295, 16
112, 1651078929284290, 1651078929284305, 15
113, 1651078929298341, 1651078929298356, 15
114, 1651078929313504, 1651078929313519, 15
115, 1651078929330950, 1651078929330966, 16
116, 1651078929345888, 1651078929345904, 16
117, 1651078929359921, 1651078929359937, 16
118, 1651078929375022, 1651078929375040, 18
119, 1651078929390172, 1651078929390191, 19
120, 1651078929407547, 1651078929407564, 17
121, 1651078929424636, 1651078929424747, 111
122, 1651078929438739, 1651078929438848, 109
123, 1651078929452858, 1651078929452927, 69
124, 1651078929466789, 1651078929466855, 66
125, 1651078929480787, 1651078929480921, 134
126, 1651078929494699, 1651078929494832, 133
127, 1651078929508682, 1651078929509914, 1232
128, 1651078929525649, 1651078929525786, 137
129, 1651078929539525, 1651078929539661, 136
130, 1651078929553419, 1651078929553553, 134
131, 1651078929567384, 1651078929567516, 132
132, 1651078929581364, 1651078929581428, 64
133, 1651078929595518, 1651078929595867, 349
134, 1651078929609252, 1651078929609315, 63
135, 1651078929623270, 1651078929623337, 67
136, 1651078929637304, 1651078929637437, 133
137, 1651078929651287, 1651078929651422, 135
138, 1651078929665312, 1651078929665375, 63
139, 1651078929679479, 1651078929679612, 133
140, 1651078929698775, 1651078929698842, 67
141, 1651078929713802, 1651078929713935, 133
142, 1651078929727616, 1651078929727750, 134
143, 1651078929741441, 1651078929741574, 133
144, 1651078929755343, 1651078929755535, 192
145, 1651078929772759, 1651078929773037, 278
146, 1651078929786332, 1651078929786468, 136
147, 1651078929800081, 1651078929800145, 64
148, 1651078929814029, 1651078929814164, 135
149, 1651078929827928, 1651078929828062, 134
150, 1651078929845219, 1651078929845351, 132
151, 1651078929858884, 1651078929858950, 66
152, 1651078929872752, 1651078929872929, 177
153, 1651078929886622, 1651078929886756, 134
154, 1651078929900515, 1651078929900589, 74
155, 1651078929917873, 1651078929918009, 136
156, 1651078929931540, 1651078929931602, 62
157, 1651078929945402, 1651078929945534, 132
158, 1651078929959218, 1651078929959352, 134
159, 1651078929973141, 1651078929973205, 64
160, 1651078929990496, 1651078929990629, 133
161, 1651078930004221, 1651078930004285, 64
162, 1651078930018108, 1651078930018171, 63
163, 1651078930032072, 1651078930032206, 134
164, 1651078930046020, 1651078930046084, 64
165, 1651078930063425, 1651078930063557, 132
166, 1651078930077166, 1651078930077230, 64
167, 1651078930091055, 1651078930091117, 62
168, 1651078930105003, 1651078930105067, 64
169, 1651078930118977, 1651078930119040, 63
170, 1651078930136355, 1651078930136492, 137
171, 1651078930150001, 1651078930150134, 133
172, 1651078930163731, 1651078930163793, 62
173, 1651078930177626, 1651078930177758, 132
174, 1651078930191510, 1651078930191573, 63
175, 1651078930208895, 1651078930209030, 135
176, 1651078930222552, 1651078930222615, 63
177, 1651078930236396, 1651078930236529, 133
178, 1651078930250207, 1651078930250339, 132
179, 1651078930264113, 1651078930264243, 130
180, 1651078930281377, 1651078930281439, 62
181, 1651078930295135, 1651078930295267, 132
182, 1651078930308874, 1651078930308939, 65
183, 1651078930322790, 1651078930322922, 132
184, 1651078930336707, 1651078930336769, 62
185, 1651078930354075, 1651078930354206, 131
186, 1651078930367761, 1651078930367824, 63
187, 1651078930381590, 1651078930381742, 152
188, 1651078930398937, 1651078930399078, 141
189, 1651078930417400, 1651078930417538, 138
190, 1651078930432519, 1651078930432664, 145
191, 1651078930447666, 1651078930447775, 109
192, 1651078930460865, 1651078930460884, 19
193, 1651078930474459, 1651078930474568, 109
194, 1651078930487698, 1651078930487805, 107
195, 1651078930500912, 1651078930501017, 105
196, 1651078930514136, 1651078930514244, 108
197, 1651078930527401, 1651078930527509, 108
198, 1651078930540650, 1651078930540668, 18
199, 1651078930554293, 1651078930554399, 106
200, 1651078930567586, 1651078930567814, 228
201, 1651078930582765, 1651078930582870, 105
202, 1651078930596051, 1651078930596070, 19
203, 1651078930609768, 1651078930609816, 48
204, 1651078930623525, 1651078930623542, 17
205, 1651078930637232, 1651078930637249, 17
206, 1651078930653973, 1651078930653991, 18
207, 1651078930667514, 1651078930667531, 17
208, 1651078930681085, 1651078930681102, 17
209, 1651078930694339, 1651078930694357, 18
210, 1651078930708171, 1651078930708189, 18
211, 1651078930721438, 1651078930721453, 15
212, 1651078930735282, 1651078930735297, 15
213, 1651078930748551, 1651078930748568, 17
214, 1651078930761848, 1651078930761865, 17
215, 1651078930775756, 1651078930775775, 19
216, 1651078930789816, 1651078930789833, 17
217, 1651078930803903, 1651078930803920, 17
218, 1651078930817954, 1651078930817972, 18
219, 1651078930832033, 1651078930832051, 18
220, 1651078930846101, 1651078930846118, 17
221, 1651078930860236, 1651078930860343, 107
222, 1651078930873906, 1651078930874016, 110
223, 1651078930887593, 1651078930887611, 18
224, 1651078930901731, 1651078930901748, 17
225, 1651078930915849, 1651078930915958, 109
226, 1651078930932892, 1651078930933001, 109
227, 1651078930946435, 1651078930946545, 110
228, 1651078930959987, 1651078930960006, 19
229, 1651078930973999, 1651078930974017, 18
230, 1651078930987996, 1651078930988187, 191
231, 1651078931001363, 1651078931001553, 190
232, 1651078931014740, 1651078931014847, 107
233, 1651078931028335, 1651078931028442, 107
234, 1651078931041981, 1651078931042089, 108
235, 1651078931055596, 1651078931055615, 19
236, 1651078931069649, 1651078931069666, 17
237, 1651078931083733, 1651078931083750, 17
238, 1651078931097798, 1651078931097815, 17
239, 1651078931111929, 1651078931111946, 17
240, 1651078931126013, 1651078931126120, 107
241, 1651078931139712, 1651078931139818, 106
242, 1651078931153393, 1651078931153502, 109
243, 1651078931167082, 1651078931167190, 108
244, 1651078931180804, 1651078931180910, 106
245, 1651078931194510, 1651078931194617, 107
246, 1651078931211528, 1651078931211636, 108
247, 1651078931225096, 1651078931225203, 107
248, 1651078931238656, 1651078931238763, 107
249, 1651078931252206, 1651078931252313, 107
250, 1651078931265797, 1651078931265905, 108
251, 1651078931279373, 1651078931279392, 19
252, 1651078931293381, 1651078931293398, 17
253, 1651078931307429, 1651078931307445, 16
254, 1651078931320724, 1651078931320771, 47
255, 1651078931334672, 1651078931334690, 18
256, 1651078931347985, 1651078931348001, 16
257, 1651078931361903, 1651078931361918, 15
258, 1651078931375237, 1651078931375252, 15
259, 1651078931388598, 1651078931388613, 15
260, 1651078931402510, 1651078931402528, 18
261, 1651078931416464, 1651078931416480, 16
262, 1651078931430448, 1651078931430466, 18
263, 1651078931443914, 1651078931443932, 18
264, 1651078931457941, 1651078931457957, 16
265, 1651078931471418, 1651078931471434, 16
266, 1651078931488766, 1651078931488781, 15
267, 1651078931502673, 1651078931502689, 16
268, 1651078931515936, 1651078931515951, 15
269, 1651078931529761, 1651078931529776, 15
270, 1651078931543001, 1651078931543018, 17
271, 1651078931556278, 1651078931556293, 15
272, 1651078931570097, 1651078931570113, 16
273, 1651078931583396, 1651078931583411, 15
274, 1651078931597236, 1651078931597251, 15
275, 1651078931610556, 1651078931610571, 15
276, 1651078931624419, 1651078931624437, 18
277, 1651078931637777, 1651078931637793, 16
278, 1651078931651661, 1651078931651676, 15
279, 1651078931665022, 1651078931665037, 15
280, 1651078931682418, 1651078931682434, 16
281, 1651078931696550, 1651078931696566, 16
282, 1651078931710669, 1651078931710687, 18
283, 1651078931724817, 1651078931724832, 15
284, 1651078931742051, 1651078931742069, 18
285, 1651078931756032, 1651078931756049, 17
286, 1651078931772948, 1651078931772966, 18
287, 1651078931786834, 1651078931786851, 17
288, 1651078931800095, 1651078931800113, 18
289, 1651078931813363, 1651078931813378, 15
290, 1651078931826666, 1651078931826683, 17
291, 1651078931840516, 1651078931840540, 24
292, 1651078931853821, 1651078931853836, 15
293, 1651078931867698, 1651078931867718, 20
294, 1651078931881714, 1651078931881731, 17
295, 1651078931895759, 1651078931895869, 110
296, 1651078931909041, 1651078931909060, 19
297, 1651078931923081, 1651078931923099, 18
298, 1651078931937036, 1651078931937053, 17
299, 1651078931950967, 1651078931950985, 18
300, 1651078931965032, 1651078931965049, 17
301, 1651078931979129, 1651078931979239, 110
302, 1651078931995737, 1651078931995756, 19
303, 1651078932009647, 1651078932009664, 17
304, 1651078932023587, 1651078932023814, 227
305, 1651078932038191, 1651078932038241, 50
306, 1651078932052195, 1651078932052421, 226
307, 1651078932066853, 1651078932066960, 107
308, 1651078932080053, 1651078932080163, 110
309, 1651078932093271, 1651078932093378, 107
310, 1651078932106498, 1651078932106604, 106
311, 1651078932119764, 1651078932119782, 18
312, 1651078932133789, 1651078932133897, 108
313, 1651078932147078, 1651078932147096, 18
314, 1651078932161120, 1651078932161137, 17
315, 1651078932175168, 1651078932175276, 108
316, 1651078932188485, 1651078932188600, 115
317, 1651078932201792, 1651078932201897, 105
318, 1651078932215094, 1651078932215201, 107
319, 1651078932228437, 1651078932228554, 117
320, 1651078932245072, 1651078932245179, 107
321, 1651078932258216, 1651078932258321, 105
322, 1651078932271389, 1651078932271523, 134
323, 1651078932286072, 1651078932286206, 134
324, 1651078932300823, 1651078932300957, 134
325, 1651078932315589, 1651078932315651, 62
326, 1651078932328880, 1651078932329018, 138
327, 1651078932343710, 1651078932343844, 134
328, 1651078932358570, 1651078932358634, 64
329, 1651078932371946, 1651078932372079, 133
330, 1651078932386876, 1651078932387008, 132
331, 1651078932401884, 1651078932401947, 63
332, 1651078932415279, 1651078932415413, 134
333, 1651078932433439, 1651078932433578, 139
334, 1651078932448133, 1651078932448266, 133
335, 1651078932462887, 1651078932463020, 133
336, 1651078932477648, 1651078932477780, 132
337, 1651078932492445, 1651078932492595, 150
338, 1651078932507330, 1651078932507466, 136
339, 1651078932522215, 1651078932522348, 133
340, 1651078932537160, 1651078932537294, 134
341, 1651078932552113, 1651078932552245, 132
342, 1651078932567138, 1651078932567271, 133
343, 1651078932585271, 1651078932585405, 134
344, 1651078932600001, 1651078932600136, 135
345, 1651078932614727, 1651078932614790, 63
346, 1651078932628000, 1651078932628064, 64
347, 1651078932641314, 1651078932641448, 134
348, 1651078932656114, 1651078932656245, 131
349, 1651078932670971, 1651078932671074, 103
350, 1651078932684960, 1651078932684979, 19
351, 1651078932699033, 1651078932699050, 17
352, 1651078932713079, 1651078932713181, 102
353, 1651078932727118, 1651078932727137, 19
354, 1651078932741181, 1651078932741282, 101
355, 1651078932755209, 1651078932755310, 101
356, 1651078932769280, 1651078932769383, 103
357, 1651078932783330, 1651078932783476, 146
358, 1651078932800774, 1651078932800874, 100
359, 1651078932814672, 1651078932814772, 100
360, 1651078932828545, 1651078932828564, 19
361, 1651078932842487, 1651078932842588, 101
362, 1651078932856421, 1651078932856440, 19
363, 1651078932870458, 1651078932870558, 100
364, 1651078932884458, 1651078932884476, 18
365, 1651078932898547, 1651078932898647, 100
366, 1651078932912546, 1651078932912564, 18
367, 1651078932926659, 1651078932926759, 100
368, 1651078932940691, 1651078932940792, 101
369, 1651078932954765, 1651078932954784, 19
370, 1651078932968797, 1651078932968901, 104
371, 1651078932982807, 1651078932982908, 101
372, 1651078932999310, 1651078932999329, 19
373, 1651078933020656, 1651078933020759, 103
374, 1651078933034523, 1651078933034542, 19
375, 1651078933047631, 1651078933047731, 100
376, 1651078933061555, 1651078933061574, 19
377, 1651078933074676, 1651078933074694, 18
378, 1651078933087846, 1651078933087862, 16
379, 1651078933101405, 1651078933101423, 18
380, 1651078933115679, 1651078933115697, 18
381, 1651078933129280, 1651078933129298, 18
382, 1651078933142889, 1651078933142907, 18
383, 1651078933156503, 1651078933156521, 18
384, 1651078933170172, 1651078933170190, 18
385, 1651078933183833, 1651078933183849, 16
386, 1651078933197469, 1651078933197487, 18
387, 1651078933211121, 1651078933211139, 18
388, 1651078933224791, 1651078933224806, 15
389, 1651078933238499, 1651078933238520, 21
390, 1651078933252226, 1651078933252242, 16
391, 1651078933270850, 1651078933270869, 19
392, 1651078933284450, 1651078933284467, 17
393, 1651078933298020, 1651078933298039, 19
394, 1651078933311607, 1651078933311624, 17
395, 1651078933325174, 1651078933325191, 17
396, 1651078933338765, 1651078933338782, 17
397, 1651078933352379, 1651078933352397, 18
398, 1651078933365988, 1651078933366007, 19
399, 1651078933379598, 1651078933379616, 18
400, 1651078933393211, 1651078933393228, 17
401, 1651078933406859, 1651078933406877, 18
402, 1651078933420497, 1651078933420515, 18
403, 1651078933435746, 1651078933435763, 17
404, 1651078933449048, 1651078933449155, 107
405, 1651078933463110, 1651078933463129, 19
406, 1651078933476373, 1651078933476390, 17
407, 1651078933489685, 1651078933489787, 102
408, 1651078933503741, 1651078933503796, 55
409, 1651078933517085, 1651078933517103, 18
410, 1651078933533799, 1651078933533817, 18
411, 1651078933546997, 1651078933547015, 18
412, 1651078933560198, 1651078933560216, 18
413, 1651078933573443, 1651078933573461, 18
414, 1651078933586673, 1651078933586689, 16
415, 1651078933599904, 1651078933599921, 17
416, 1651078933613170, 1651078933613188, 18
417, 1651078933626422, 1651078933626437, 15
418, 1651078933641006, 1651078933641023, 17
419, 1651078933654308, 1651078933654325, 17
420, 1651078933667596, 1651078933667614, 18
421, 1651078933680892, 1651078933680910, 18
422, 1651078933694226, 1651078933694244, 18
423, 1651078933707549, 1651078933707567, 18
424, 1651078933720876, 1651078933720894, 18
425, 1651078933734236, 1651078933734254, 18
426, 1651078933747581, 1651078933747599, 18
427, 1651078933760936, 1651078933760954, 18
428, 1651078933780948, 1651078933780966, 18
429, 1651078933794954, 1651078933794973, 19
430, 1651078933808933, 1651078933808951, 18
431, 1651078933822916, 1651078933822934, 18
432, 1651078933836936, 1651078933836953, 17
433, 1651078933850936, 1651078933850954, 18
434, 1651078933864981, 1651078933864997, 16
435, 1651078933879002, 1651078933879019, 17
436, 1651078933893037, 1651078933893055, 18
437, 1651078933907058, 1651078933907075, 17
438, 1651078933921119, 1651078933921136, 17
439, 1651078933935158, 1651078933935176, 18
440, 1651078933949210, 1651078933949227, 17
441, 1651078933963296, 1651078933963311, 15
442, 1651078933977365, 1651078933977383, 18
443, 1651078933991472, 1651078933991488, 16
444, 1651078934005572, 1651078934005590, 18
445, 1651078934019714, 1651078934019732, 18
446, 1651078934033838, 1651078934033855, 17
447, 1651078934051330, 1651078934051349, 19
448, 1651078934065288, 1651078934065305, 17
449, 1651078934079254, 1651078934079272, 18
450, 1651078934093255, 1651078934093273, 18
451, 1651078934107239, 1651078934107258, 19
452, 1651078934121267, 1651078934121282, 15
453, 1651078934135518, 1651078934135534, 16
454, 1651078934149600, 1651078934149618, 18
455, 1651078934163664, 1651078934163683, 19
456, 1651078934177766, 1651078934177783, 17
457, 1651078934191848, 1651078934191866, 18
458, 1651078934205935, 1651078934205951, 16
459, 1651078934220240, 1651078934220287, 47
460, 1651078934234374, 1651078934234392, 18
461, 1651078934248478, 1651078934248495, 17
462, 1651078934262440, 1651078934262459, 19
463, 1651078934276424, 1651078934276692, 268
464, 1651078934291292, 1651078934291310, 18
465, 1651078934315902, 1651078934316024, 122
466, 1651078934329816, 1651078934329835, 19
467, 1651078934343483, 1651078934343500, 17
468, 1651078934358254, 1651078934358272, 18
469, 1651078934373019, 1651078934373038, 19
470, 1651078934387894, 1651078934387911, 17
471, 1651078934404901, 1651078934404917, 16
472, 1651078934418582, 1651078934418602, 20
473, 1651078934432265, 1651078934432284, 19
474, 1651078934446056, 1651078934446074, 18
475, 1651078934459854, 1651078934459871, 17
476, 1651078934473697, 1651078934473901, 204
477, 1651078934487465, 1651078934487484, 19
478, 1651078934501376, 1651078934501574, 198
479, 1651078934515187, 1651078934515206, 19
480, 1651078934529114, 1651078934529355, 241
481, 1651078934734247, 1651078934734266, 19
482, 1651078934748050, 1651078934748247, 197
483, 1651078934761560, 1651078934761756, 196
484, 1651078934775126, 1651078934775326, 200
485, 1651078934788694, 1651078934788897, 203
486, 1651078934802352, 1651078934802371, 19
487, 1651078934816068, 1651078934816267, 199
488, 1651078934829717, 1651078934829913, 196
489, 1651078934843397, 1651078934843417, 20
490, 1651078934857211, 1651078934857409, 198
491, 1651078934874285, 1651078934874393, 108
492, 1651078934888176, 1651078934888194, 18
493, 1651078934901903, 1651078934901921, 18
494, 1651078934915636, 1651078934915835, 199
495, 1651078934929295, 1651078934929315, 20
496, 1651078934943086, 1651078934943284, 198
497, 1651078934956809, 1651078934956828, 19
498, 1651078934970681, 1651078934970881, 200
499, 1651078934984468, 1651078934984665, 197
500, 1651078935004870, 1651078935004981, 111
501, 1651078935019864, 1651078935019883, 19
502, 1651078935033706, 1651078935033903, 197
503, 1651078935047230, 1651078935047429, 199
504, 1651078935060781, 1651078935060978, 197
505, 1651078935074354, 1651078935074550, 196
506, 1651078935087956, 1651078935087975, 19
507, 1651078935101714, 1651078935101732, 18
508, 1651078935115479, 1651078935115671, 192
509, 1651078935129187, 1651078935129206, 19
510, 1651078935143002, 1651078935143244, 242
511, 1651078935156823, 1651078935156842, 19
512, 1651078935174002, 1651078935174020, 18
513, 1651078935187714, 1651078935187732, 18
514, 1651078935201443, 1651078935201639, 196
515, 1651078935215112, 1651078935215130, 18
516, 1651078935228929, 1651078935229126, 197
517, 1651078935242669, 1651078935242688, 19
518, 1651078935256547, 1651078935256781, 234
519, 1651078935274717, 1651078935274735, 18
520, 1651078935288691, 1651078935288708, 17
521, 1651078935302664, 1651078935302881, 217
522, 1651078935318472, 1651078935318492, 20
523, 1651078935332110, 1651078935332129, 19
524, 1651078935345760, 1651078935345778, 18
525, 1651078935359461, 1651078935359479, 18
526, 1651078935373140, 1651078935373158, 18
527, 1651078935386874, 1651078935386893, 19
528, 1651078935401637, 1651078935401653, 16
529, 1651078935415440, 1651078935415455, 15
530, 1651078935430314, 1651078935430330, 16
531, 1651078935446285, 1651078935446303, 18
532, 1651078935459975, 1651078935459993, 18
533, 1651078935473720, 1651078935473739, 19
534, 1651078935488476, 1651078935488494, 18
535, 1651078935503315, 1651078935503332, 17
536, 1651078935518176, 1651078935518193, 17
537, 1651078935532063, 1651078935532078, 15
538, 1651078935548041, 1651078935548058, 17
539, 1651078935563913, 1651078935563929, 16
540, 1651078935578436, 1651078935578452, 16
541, 1651078935592083, 1651078935592101, 18
542, 1651078935606742, 1651078935606759, 17
543, 1651078935621465, 1651078935621481, 16
544, 1651078935635194, 1651078935635210, 16
545, 1651078935650028, 1651078935650044, 16
546, 1651078935663808, 1651078935663826, 18
547, 1651078935679754, 1651078935679773, 19
548, 1651078935694353, 1651078935694369, 16
549, 1651078935708079, 1651078935708095, 16
550, 1651078935722809, 1651078935722825, 16
551, 1651078935736548, 1651078935736564, 16
552, 1651078935751367, 1651078935751383, 16
553, 1651078935766275, 1651078935766293, 18
554, 1651078935780136, 1651078935780152, 16
555, 1651078935798454, 1651078935798470, 16
556, 1651078935813144, 1651078935813161, 17
557, 1651078935843260, 1651078935843279, 19
558, 1651078935862571, 1651078935862588, 17
559, 1651078935876744, 1651078935876760, 16
560, 1651078935891525, 1651078935891544, 19
561, 1651078935906418, 1651078935906469, 51
562, 1651078935924504, 1651078935924520, 16
563, 1651078935938694, 1651078935938713, 19
564, 1651078935952938, 1651078935952957, 19
565, 1651078935967688, 1651078935967706, 18
566, 1651078935982436, 1651078935982451, 15
567, 1651078935996668, 1651078935996685, 17
568, 1651078936013078, 1651078936013094, 16
569, 1651078936035361, 1651078936035378, 17
570, 1651078936049083, 1651078936049295, 212
571, 1651078936063047, 1651078936063066, 19
572, 1651078936076903, 1651078936077102, 199
573, 1651078936090952, 1651078936091151, 199
574, 1651078936105066, 1651078936105085, 19
575, 1651078936122403, 1651078936122421, 18
576, 1651078936136917, 1651078936136936, 19
577, 1651078936150734, 1651078936150752, 18
578, 1651078936164635, 1651078936164653, 18
579, 1651078936179140, 1651078936179158, 18
580, 1651078936193188, 1651078936193206, 18
581, 1651078936210077, 1651078936210093, 16
582, 1651078936223903, 1651078936223919, 16
583, 1651078936237765, 1651078936237781, 16
584, 1651078936252282, 1651078936252301, 19
585, 1651078936266864, 1651078936266882, 18
586, 1651078936281552, 1651078936281569, 17
587, 1651078936298842, 1651078936298859, 17
588, 1651078936313761, 1651078936313777, 16
589, 1651078936328082, 1651078936328101, 19
590, 1651078936342516, 1651078936342534, 18
591, 1651078936357007, 1651078936357026, 19
592, 1651078936373848, 1651078936373865, 17
593, 1651078936387575, 1651078936387590, 15
594, 1651078936401383, 1651078936401402, 19
595, 1651078936415803, 1651078936415821, 18
596, 1651078936430335, 1651078936430353, 18
597, 1651078936444352, 1651078936444370, 18
598, 1651078936461759, 1651078936461775, 16
599, 1651078936476098, 1651078936476114, 16
600, 1651078936489986, 1651078936490004, 18
601, 1651078936504473, 1651078936504489, 16
602, 1651078936518544, 1651078936518561, 17
603, 1651078936533181, 1651078936533201, 20
604, 1651078936551058, 1651078936551074, 16
605, 1651078936565489, 1651078936565504, 15
606, 1651078936579439, 1651078936579457, 18
607, 1651078936594023, 1651078936594038, 15
608, 1651078936609118, 1651078936609136, 18
609, 1651078936625294, 1651078936625312, 18
610, 1651078936638990, 1651078936639009, 19
611, 1651078936652729, 1651078936652747, 18
612, 1651078936666557, 1651078936666575, 18
613, 1651078936680418, 1651078936680466, 48
614, 1651078936694428, 1651078936694446, 18
615, 1651078936708417, 1651078936708435, 18
616, 1651078936725795, 1651078936725998, 203
617, 1651078936739697, 1651078936739716, 19
618, 1651078936753522, 1651078936753719, 197
619, 1651078936767581, 1651078936767600, 19
620, 1651078936781544, 1651078936781562, 18
621, 1651078936795595, 1651078936795792, 197
622, 1651078936809817, 1651078936809836, 19
623, 1651078936826422, 1651078936826619, 197
624, 1651078936840432, 1651078936840451, 19
625, 1651078936854410, 1651078936854428, 18
626, 1651078936868410, 1651078936868595, 185
627, 1651078936886277, 1651078936886386, 109
628, 1651078936903050, 1651078936903070, 20
629, 1651078936917952, 1651078936917970, 18
630, 1651078936931688, 1651078936931707, 19
631, 1651078936945519, 1651078936945537, 18
632, 1651078936959387, 1651078936959579, 192
633, 1651078936973445, 1651078936973645, 200
634, 1651078936987580, 1651078936987776, 196
635, 1651078937003877, 1651078937003896, 19
636, 1651078937020415, 1651078937020434, 19
637, 1651078937035040, 1651078937035235, 195
638, 1651078937049085, 1651078937049104, 19
639, 1651078937063067, 1651078937063086, 19
640, 1651078937077142, 1651078937077337, 195
641, 1651078937091380, 1651078937091562, 182
642, 1651078937108027, 1651078937108135, 108
643, 1651078937122617, 1651078937122636, 19
644, 1651078937139717, 1651078937139735, 18
645, 1651078937153554, 1651078937153750, 196
646, 1651078937167620, 1651078937167639, 19
647, 1651078937181638, 1651078937181657, 19
648, 1651078937199051, 1651078937199350, 299
649, 1651078937216547, 1651078937216782, 235
650, 1651078937236411, 1651078937236523, 112
651, 1651078937254502, 1651078937254611, 109
652, 1651078937268889, 1651078937268907, 18
653, 1651078937283613, 1651078937283632, 19
654, 1651078937300953, 1651078937300972, 19
655, 1651078937317196, 1651078937317398, 202
656, 1651078937330865, 1651078937331060, 195
657, 1651078937344547, 1651078937344565, 18
658, 1651078937358476, 1651078937358673, 197
659, 1651078937372342, 1651078937372361, 19
660, 1651078937386432, 1651078937386632, 200
661, 1651078937400427, 1651078937400446, 19
662, 1651078937417964, 1651078937417982, 18
663, 1651078937431850, 1651078937431868, 18
664, 1651078937445838, 1651078937446078, 240
665, 1651078937459777, 1651078937459795, 18
666, 1651078937473869, 1651078937474066, 197
667, 1651078937487894, 1651078937488094, 200
668, 1651078937501987, 1651078937502186, 199
669, 1651078937519282, 1651078937519389, 107
670, 1651078937533386, 1651078937533404, 18
671, 1651078937548056, 1651078937548255, 199
672, 1651078937562016, 1651078937562215, 199
673, 1651078937576038, 1651078937576220, 182
674, 1651078937593947, 1651078937593966, 19
675, 1651078937611018, 1651078937611035, 17
676, 1651078937624846, 1651078937624864, 18
677, 1651078937638733, 1651078937638926, 193
678, 1651078937652548, 1651078937652566, 18
679, 1651078937666569, 1651078937666587, 18
680, 1651078937680679, 1651078937680878, 199
681, 1651078937694693, 1651078937694712, 19
682, 1651078937712229, 1651078937712248, 19
683, 1651078937726135, 1651078937726153, 18
684, 1651078937740129, 1651078937740324, 195
685, 1651078937754030, 1651078937754226, 196
686, 1651078937767997, 1651078937768194, 197
687, 1651078937782030, 1651078937782225, 195
688, 1651078937796127, 1651078937796323, 196
689, 1651078937813425, 1651078937813444, 19
690, 1651078937827415, 1651078937827611, 196
691, 1651078937841362, 1651078937841382, 20
692, 1651078937855484, 1651078937855502, 18
693, 1651078937873336, 1651078937873446, 110
694, 1651078937887565, 1651078937887584, 19
695, 1651078937903837, 1651078937903854, 17
696, 1651078937917665, 1651078937917683, 18
697, 1651078937931565, 1651078937931760, 195
698, 1651078937945390, 1651078937945584, 194
699, 1651078937959269, 1651078937959464, 195
700, 1651078937973233, 1651078937973252, 19
701, 1651078937987373, 1651078937987391, 18
702, 1651078938004908, 1651078938004927, 19
703, 1651078938018815, 1651078938018834, 19
704, 1651078938032817, 1651078938033013, 196
705, 1651078938046715, 1651078938046910, 195
706, 1651078938060677, 1651078938060871, 194
707, 1651078938074712, 1651078938074907, 195
708, 1651078938088815, 1651078938088834, 19
709, 1651078938106264, 1651078938106282, 18
710, 1651078938128363, 1651078938128381, 18
711, 1651078938142856, 1651078938142873, 17
712, 1651078938157417, 1651078938157433, 16
713, 1651078938171460, 1651078938171478, 18
714, 1651078938186026, 1651078938186041, 15
715, 1651078938203330, 1651078938203378, 48
716, 1651078938217856, 1651078938217965, 109
717, 1651078938232408, 1651078938232619, 211
718, 1651078938246311, 1651078938246332, 21
719, 1651078938260449, 1651078938260673, 224
720, 1651078938274491, 1651078938274688, 197
721, 1651078938290791, 1651078938290899, 108
722, 1651078938305299, 1651078938305407, 108
723, 1651078938319897, 1651078938319916, 19
724, 1651078938333936, 1651078938333954, 18
725, 1651078938348038, 1651078938348057, 19
726, 1651078938362212, 1651078938362231, 19
727, 1651078938376445, 1651078938376699, 254
728, 1651078938397275, 1651078938397423, 148
729, 1651078938412941, 1651078938413083, 142
730, 1651078938427487, 1651078938427629, 142
731, 1651078938442073, 1651078938442217, 144
732, 1651078938456753, 1651078938456895, 142
733, 1651078938471462, 1651078938471602, 140
734, 1651078938488371, 1651078938488514, 143
735, 1651078938504053, 1651078938504196, 143
736, 1651078938518586, 1651078938518726, 140
737, 1651078938533208, 1651078938533347, 139
738, 1651078938547899, 1651078938548041, 142
739, 1651078938562727, 1651078938562869, 142
740, 1651078938577591, 1651078938577728, 137
741, 1651078938599213, 1651078938599357, 144
742, 1651078938617673, 1651078938617823, 150
743, 1651078938635278, 1651078938635445, 167
744, 1651078938653346, 1651078938653494, 148
745, 1651078938667911, 1651078938668014, 103
746, 1651078938682406, 1651078938682507, 101
747, 1651078938696945, 1651078938696964, 19
748, 1651078938711189, 1651078938711206, 17
749, 1651078938725405, 1651078938725508, 103
750, 1651078938739998, 1651078938740100, 102
751, 1651078938754586, 1651078938754605, 19
752, 1651078938768852, 1651078938768869, 17
753, 1651078938783161, 1651078938783262, 101
754, 1651078938797799, 1651078938797818, 19
755, 1651078938812120, 1651078938812221, 101
756, 1651078938826822, 1651078938826923, 101
757, 1651078938841550, 1651078938841569, 19
758, 1651078938855932, 1651078938855950, 18
759, 1651078938870350, 1651078938870450, 100
760, 1651078938890312, 1651078938890331, 19
761, 1651078938905575, 1651078938905677, 102
762, 1651078938920044, 1651078938920063, 19
763, 1651078938934158, 1651078938934259, 101
764, 1651078938948628, 1651078938948773, 145
765, 1651078938963237, 1651078938963379, 142
766, 1651078938977853, 1651078938978040, 187
767, 1651078938992525, 1651078938992670, 145
768, 1651078939007180, 1651078939007321, 141
769, 1651078939021817, 1651078939021964, 147
770, 1651078939036487, 1651078939036636, 149
771, 1651078939051204, 1651078939051346, 142
772, 1651078939065900, 1651078939066043, 143
773, 1651078939080619, 1651078939080761, 142
774, 1651078939095381, 1651078939095522, 141
775, 1651078939110160, 1651078939110299, 139
776, 1651078939124927, 1651078939125069, 142
777, 1651078939139748, 1651078939139889, 141
778, 1651078939154553, 1651078939154693, 140
779, 1651078939169380, 1651078939169518, 138
780, 1651078939189446, 1651078939189590, 144
781, 1651078939205130, 1651078939205272, 142
782, 1651078939219641, 1651078939219781, 140
783, 1651078939234194, 1651078939234335, 141
784, 1651078939248773, 1651078939248916, 143
785, 1651078939263343, 1651078939263481, 138
786, 1651078939277948, 1651078939278086, 138
787, 1651078939292548, 1651078939292689, 141
788, 1651078939307171, 1651078939307311, 140
789, 1651078939321833, 1651078939321974, 141
790, 1651078939336486, 1651078939336639, 153
791, 1651078939351177, 1651078939351315, 138
792, 1651078939365890, 1651078939366029, 139
793, 1651078939380629, 1651078939380768, 139
794, 1651078939395361, 1651078939395500, 139
795, 1651078939410140, 1651078939410283, 143
796, 1651078939424914, 1651078939425053, 139
797, 1651078939439700, 1651078939439837, 137
798, 1651078939454529, 1651078939454670, 141
799, 1651078939469360, 1651078939469499, 139
800, 1651078939489398, 1651078939489541, 143
801, 1651078939505112, 1651078939505255, 143
802, 1651078939519653, 1651078939519792, 139
803, 1651078939534207, 1651078939534345, 138
804, 1651078939548778, 1651078939548921, 143
805, 1651078939563352, 1651078939563495, 143
806, 1651078939577940, 1651078939578079, 139
807, 1651078939592548, 1651078939592616, 68
808, 1651078939606826, 1651078939606892, 66
809, 1651078939621113, 1651078939621178, 65
810, 1651078939635447, 1651078939635512, 65
811, 1651078939649797, 1651078939649863, 66
812, 1651078939664146, 1651078939664211, 65
813, 1651078939678547, 1651078939678613, 66
814, 1651078939692935, 1651078939692999, 64
815, 1651078939707343, 1651078939707411, 68
816, 1651078939721792, 1651078939721859, 67
817, 1651078939736232, 1651078939736328, 96
818, 1651078939750762, 1651078939750830, 68
819, 1651078939765287, 1651078939765355, 68
820, 1651078939785025, 1651078939785092, 67
821, 1651078939800370, 1651078939800436, 66
822, 1651078939814587, 1651078939814802, 215
823, 1651078939829001, 1651078939829140, 139
824, 1651078939843549, 1651078939843688, 139
825, 1651078939858139, 1651078939858281, 142
826, 1651078939872728, 1651078939872873, 145
827, 1651078939887341, 1651078939887482, 141
828, 1651078939901991, 1651078939902131, 140
829, 1651078939916658, 1651078939916802, 144
830, 1651078939931325, 1651078939931465, 140
831, 1651078939946027, 1651078939946170, 143
832, 1651078939960724, 1651078939960863, 139
833, 1651078939979239, 1651078939979386, 147
834, 1651078940001626, 1651078940001770, 144
835, 1651078940016214, 1651078940016387, 173
836, 1651078940034818, 1651078940034960, 142
837, 1651078940049262, 1651078940049402, 140
838, 1651078940063667, 1651078940063806, 139
839, 1651078940078086, 1651078940078228, 142
840, 1651078940094665, 1651078940094806, 141
841, 1651078940110122, 1651078940110261, 139
842, 1651078940124409, 1651078940124513, 104
843, 1651078940138682, 1651078940138701, 19
844, 1651078940153697, 1651078940153799, 102
845, 1651078940167994, 1651078940168013, 19
846, 1651078940183078, 1651078940183097, 19
847, 1651078940198181, 1651078940198282, 101
848, 1651078940212539, 1651078940212610, 71
849, 1651078940226972, 1651078940227039, 67
850, 1651078940241414, 1651078940241507, 93
851, 1651078940263250, 1651078940263320, 70
852, 1651078940277321, 1651078940277387, 66
853, 1651078940291365, 1651078940291433, 68
854, 1651078940305428, 1651078940305495, 67
855, 1651078940319547, 1651078940319615, 68
856, 1651078940333615, 1651078940333681, 66
857, 1651078940347727, 1651078940347793, 66
858, 1651078940361890, 1651078940361958, 68
859, 1651078940376044, 1651078940376111, 67
860, 1651078940390203, 1651078940390270, 67
861, 1651078940404395, 1651078940404461, 66
862, 1651078940418584, 1651078940418799, 215
863, 1651078940433689, 1651078940433830, 141
864, 1651078940447973, 1651078940448114, 141
865, 1651078940462174, 1651078940462313, 139
866, 1651078940476341, 1651078940476480, 139
867, 1651078940490534, 1651078940490672, 138
868, 1651078940507979, 1651078940508120, 141
869, 1651078940521969, 1651078940522152, 183
870, 1651078940536047, 1651078940536187, 140
871, 1651078940550055, 1651078940550190, 135
872, 1651078940563883, 1651078940564016, 133
873, 1651078940577775, 1651078940577837, 62
874, 1651078940591053, 1651078940591116, 63
875, 1651078940604337, 1651078940604398, 61
876, 1651078940617626, 1651078940617690, 64
877, 1651078940631084, 1651078940631144, 60
878, 1651078940644548, 1651078940644610, 62
879, 1651078940657871, 1651078940657935, 64
880, 1651078940671213, 1651078940671274, 61
881, 1651078940684730, 1651078940684791, 61
882, 1651078940698227, 1651078940698287, 60
883, 1651078940711599, 1651078940711660, 61
884, 1651078940725146, 1651078940725207, 61
885, 1651078940738531, 1651078940738666, 135
886, 1651078940752493, 1651078940752639, 146
887, 1651078940766505, 1651078940766566, 61
888, 1651078940783205, 1651078940783267, 62
889, 1651078940796446, 1651078940796508, 62
890, 1651078940809732, 1651078940809864, 132
891, 1651078940823583, 1651078940823715, 132
892, 1651078940837442, 1651078940837573, 131
893, 1651078940851283, 1651078940851413, 130
894, 1651078940865131, 1651078940865196, 65
895, 1651078940878422, 1651078940878483, 61
896, 1651078940891733, 1651078940891793, 60
897, 1651078940905217, 1651078940905351, 134
898, 1651078940918285, 1651078940918417, 132
899, 1651078940931362, 1651078940931497, 135
900, 1651078940944482, 1651078940944627, 145
901, 1651078940957586, 1651078940957718, 132
902, 1651078940970704, 1651078940970837, 133
903, 1651078940983819, 1651078940983882, 63
904, 1651078940997331, 1651078940997393, 62
905, 1651078941010849, 1651078941010982, 133
906, 1651078941023997, 1651078941024128, 131
907, 1651078941037146, 1651078941037209, 63
908, 1651078941053985, 1651078941054116, 131
909, 1651078941066998, 1651078941067129, 131
910, 1651078941079991, 1651078941080123, 132
911, 1651078941092997, 1651078941093131, 134
912, 1651078941106004, 1651078941106134, 130
913, 1651078941119027, 1651078941119088, 61
914, 1651078941132442, 1651078941132503, 61
915, 1651078941145908, 1651078941145972, 64
916, 1651078941159348, 1651078941159408, 60
917, 1651078941172792, 1651078941172853, 61
918, 1651078941186147, 1651078941186208, 61
919, 1651078941199482, 1651078941199543, 61
920, 1651078941212856, 1651078941212948, 92
921, 1651078941226246, 1651078941226308, 62
922, 1651078941239747, 1651078941239808, 61
923, 1651078941253114, 1651078941253173, 59
924, 1651078941266671, 1651078941266800, 129
925, 1651078941279798, 1651078941279960, 162
926, 1651078941312649, 1651078941312785, 136
927, 1651078941326342, 1651078941326475, 133
928, 1651078941340060, 1651078941340203, 143
929, 1651078941367725, 1651078941367857, 132
930, 1651078941383411, 1651078941383540, 129
931, 1651078941398005, 1651078941398138, 133
932, 1651078941412644, 1651078941412776, 132
933, 1651078941427355, 1651078941427485, 130
934, 1651078941442157, 1651078941442290, 133
935, 1651078941456995, 1651078941457058, 63
936, 1651078941470909, 1651078941470970, 61
937, 1651078941484634, 1651078941484695, 61
938, 1651078941499425, 1651078941499487, 62
939, 1651078941513045, 1651078941513175, 130
940, 1651078941527597, 1651078941527727, 130
941, 1651078941542236, 1651078941542364, 128
942, 1651078941556942, 1651078941557008, 66
943, 1651078941570703, 1651078941570833, 130
944, 1651078941585518, 1651078941585580, 62
945, 1651078941602658, 1651078941602787, 129
946, 1651078941617216, 1651078941617348, 132
947, 1651078941631813, 1651078941631876, 63
948, 1651078941645587, 1651078941645718, 131
949, 1651078941660302, 1651078941660432, 130
950, 1651078941675106, 1651078941675167, 61
951, 1651078941688944, 1651078941689073, 129
952, 1651078941706042, 1651078941706103, 61
953, 1651078941719767, 1651078941719830, 63
954, 1651078941733545, 1651078941733678, 133
955, 1651078941748215, 1651078941748344, 129
956, 1651078941763005, 1651078941763066, 61
957, 1651078941776850, 1651078941776910, 60
958, 1651078941791772, 1651078941791833, 61
959, 1651078941805495, 1651078941805626, 131
960, 1651078941820269, 1651078941820330, 61
961, 1651078941837413, 1651078941837545, 132
962, 1651078941852005, 1651078941852066, 61
963, 1651078941865724, 1651078941865786, 62
964, 1651078941879472, 1651078941879605, 133
965, 1651078941894218, 1651078941894351, 133
966, 1651078941909033, 1651078941909094, 61
967, 1651078941922834, 1651078941922895, 61
968, 1651078941936640, 1651078941936770, 130
969, 1651078941954796, 1651078941954861, 65
970, 1651078941968489, 1651078941968561, 72
971, 1651078941982216, 1651078941982311, 95
972, 1651078941995999, 1651078941996063, 64
973, 1651078942009802, 1651078942009933, 131
974, 1651078942024552, 1651078942024683, 131
975, 1651078942039376, 1651078942039505, 129
976, 1651078942054240, 1651078942054372, 132
977, 1651078942072516, 1651078942072655, 139
978, 1651078942088207, 1651078942088268, 61
979, 1651078942101827, 1651078942101890, 63
980, 1651078942115482, 1651078942115543, 61
981, 1651078942129198, 1651078942129261, 63
982, 1651078942142916, 1651078942143045, 129
983, 1651078942157644, 1651078942157775, 131
984, 1651078942172415, 1651078942172556, 141
985, 1651078942190562, 1651078942190693, 131
986, 1651078942205120, 1651078942205253, 133
987, 1651078942219715, 1651078942219848, 133
988, 1651078942234427, 1651078942234558, 131
989, 1651078942249161, 1651078942249291, 130
990, 1651078942263972, 1651078942263991, 19
991, 1651078942278263, 1651078942278281, 18
992, 1651078942295956, 1651078942296222, 266
993, 1651078942314398, 1651078942314597, 199
994, 1651078942328322, 1651078942328384, 62
995, 1651078942342522, 1651078942342586, 64
996, 1651078942355473, 1651078942355535, 62
997, 1651078942368456, 1651078942368517, 61
998, 1651078942381496, 1651078942381625, 129
999, 1651078942395515, 1651078942395577, 62
