0, 1651078927590292, 1651078927590816, 524
1, 1651078927615171, 1651078927615338, 167
2, 1651078927630420, 1651078927630488, 68
3, 1651078927647768, 1651078927647838, 70
4, 1651078927662695, 1651078927662766, 71
5, 1651078927676550, 1651078927676620, 70
6, 1651078927689164, 1651078927689230, 66
7, 1651078927701787, 1651078927701852, 65
8, 1651078927714431, 1651078927714501, 70
9, 1651078927727103, 1651078927727168, 65
10, 1651078927739807, 1651078927739874, 67
11, 1651078927753820, 1651078927753888, 68
12, 1651078927767915, 1651078927767985, 70
13, 1651078927780704, 1651078927780769, 65
14, 1651078927794842, 1651078927794909, 67
15, 1651078927807641, 1651078927807706, 65
16, 1651078927820458, 1651078927820525, 67
17, 1651078927833340, 1651078927833406, 66
18, 1651078927847665, 1651078927847731, 66
19, 1651078927865362, 1651078927865428, 66
20, 1651078927879371, 1651078927879436, 65
21, 1651078927893382, 1651078927893447, 65
22, 1651078927907441, 1651078927907506, 65
23, 1651078927923438, 1651078927923502, 64
24, 1651078927937411, 1651078927937479, 68
25, 1651078927950076, 1651078927950140, 64
26, 1651078927964101, 1651078927964166, 65
27, 1651078927976840, 1651078927976907, 67
28, 1651078927989567, 1651078927989633, 66
29, 1651078928002320, 1651078928002383, 63
30, 1651078928015078, 1651078928015143, 65
31, 1651078928029334, 1651078928029398, 64
32, 1651078928046976, 1651078928047043, 67
33, 1651078928060891, 1651078928060959, 68
34, 1651078928074976, 1651078928075198, 222
35, 1651078928089974, 1651078928090040, 66
36, 1651078928105159, 1651078928105225, 66
37, 1651078928120459, 1651078928120528, 69
38, 1651078928134588, 1651078928134655, 67
39, 1651078928148771, 1651078928148834, 63
40, 1651078928166171, 1651078928166232, 61
41, 1651078928180262, 1651078928180326, 64
42, 1651078928194375, 1651078928194439, 64
43, 1651078928211724, 1651078928211785, 61
44, 1651078928225766, 1651078928225828, 62
45, 1651078928239670, 1651078928239734, 64
46, 1651078928254926, 1651078928254987, 61
47, 1651078928269134, 1651078928269197, 63
48, 1651078928281941, 1651078928282004, 63
49, 1651078928299574, 1651078928299680, 106
50, 1651078928313598, 1651078928313661, 63
51, 1651078928326299, 1651078928326361, 62
52, 1651078928339016, 1651078928339077, 61
53, 1651078928353052, 1651078928353117, 65
54, 1651078928365841, 1651078928365901, 60
55, 1651078928379945, 1651078928380005, 60
56, 1651078928394094, 1651078928394157, 63
57, 1651078928408323, 1651078928408387, 64
58, 1651078928421200, 1651078928421260, 60
59, 1651078928434078, 1651078928434139, 61
60, 1651078928446976, 1651078928447036, 60
61, 1651078928461174, 1651078928477062, 15888
62, 1651078928489631, 1651078928489695, 64
63, 1651078928506609, 1651078928506675, 66
64, 1651078928521933, 1651078928522000, 67
65, 1651078928537295, 1651078928537359, 64
66, 1651078928552734, 1651078928552798, 64
67, 1651078928568276, 1651078928568338, 62
68, 1651078928583859, 1651078928583923, 64
69, 1651078928599553, 1651078928599689, 136
70, 1651078928617073, 1651078928617138, 65
71, 1651078928632530, 1651078928632604, 74
72, 1651078928651032, 1651078928651096, 64
73, 1651078928666336, 1651078928666398, 62
74, 1651078928681689, 1651078928681824, 135
75, 1651078928695712, 1651078928695847, 135
76, 1651078928709823, 1651078928709887, 64
77, 1651078928725400, 1651078928725463, 63
78, 1651078928743265, 1651078928743329, 64
79, 1651078928758533, 1651078928758673, 140
80, 1651078928772441, 1651078928772504, 63
81, 1651078928787727, 1651078928787791, 64
82, 1651078928803240, 1651078928803302, 62
83, 1651078928821895, 1651078928821959, 64
84, 1651078928837156, 1651078928837222, 66
85, 1651078928852550, 1651078928852615, 65
86, 1651078928867966, 1651078928868030, 64
87, 1651078928883483, 1651078928883546, 63
88, 1651078928902154, 1651078928902220, 66
89, 1651078928917451, 1651078928917518, 67
90, 1651078928932801, 1651078928932865, 64
91, 1651078928948254, 1651078928948318, 64
92, 1651078928963766, 1651078928963829, 63
93, 1651078928982441, 1651078928982508, 67
94, 1651078928997749, 1651078928997814, 65
95, 1651078929020934, 1651078929021003, 69
96, 1651078929039468, 1651078929039536, 68
97, 1651078929054626, 1651078929054693, 67
98, 1651078929069812, 1651078929070754, 942
99, 1651078929083670, 1651078929083733, 63
100, 1651078929100759, 1651078929100824, 65
101, 1651078929116873, 1651078929116971, 98
102, 1651078929131893, 1651078929131958, 65
103, 1651078929146964, 1651078929147032, 68
104, 1651078929165047, 1651078929165111, 64
105, 1651078929179896, 1651078929180028, 132
106, 1651078929193867, 1651078929193929, 62
107, 1651078929208869, 1651078929209003, 134
108, 1651078929222943, 1651078929223009, 66
109, 1651078929241385, 1651078929241519, 134
110, 1651078929255325, 1651078929255458, 133
111, 1651078929269279, 1651078929269342, 63
112, 1651078929284290, 1651078929284422, 132
113, 1651078929298341, 1651078929298404, 63
114, 1651078929313504, 1651078929313639, 135
115, 1651078929330950, 1651078929331014, 64
116, 1651078929345888, 1651078929346020, 132
117, 1651078929359921, 1651078929359994, 73
118, 1651078929375022, 1651078929375087, 65
119, 1651078929390172, 1651078929390241, 69
120, 1651078929407547, 1651078929407609, 62
121, 1651078929424636, 1651078929424701, 65
122, 1651078929438739, 1651078929438802, 63
123, 1651078929452858, 1651078929453003, 145
124, 1651078929466789, 1651078929466927, 138
125, 1651078929480787, 1651078929480850, 63
126, 1651078929494699, 1651078929494762, 63
127, 1651078929508682, 1651078929510004, 1322
128, 1651078929525649, 1651078929525716, 67
129, 1651078929539525, 1651078929539591, 66
130, 1651078929553419, 1651078929553482, 63
131, 1651078929567384, 1651078929567447, 63
132, 1651078929581364, 1651078929581495, 131
133, 1651078929595518, 1651078929595792, 274
134, 1651078929609252, 1651078929609384, 132
135, 1651078929623270, 1651078929623406, 136
136, 1651078929637304, 1651078929637367, 63
137, 1651078929651287, 1651078929651352, 65
138, 1651078929665312, 1651078929665443, 131
139, 1651078929679479, 1651078929679542, 63
140, 1651078929698775, 1651078929698910, 135
141, 1651078929713802, 1651078929713866, 64
142, 1651078929727616, 1651078929727681, 65
143, 1651078929741441, 1651078929741503, 62
144, 1651078929755343, 1651078929755462, 119
145, 1651078929772759, 1651078929773111, 352
146, 1651078929786332, 1651078929786397, 65
147, 1651078929800081, 1651078929800213, 132
148, 1651078929814029, 1651078929814094, 65
149, 1651078929827928, 1651078929827991, 63
150, 1651078929845219, 1651078929845281, 62
151, 1651078929858884, 1651078929859019, 135
152, 1651078929872752, 1651078929872852, 100
153, 1651078929886622, 1651078929886686, 64
154, 1651078929900515, 1651078929900657, 142
155, 1651078929917873, 1651078929917939, 66
156, 1651078929931540, 1651078929931671, 131
157, 1651078929945402, 1651078929945464, 62
158, 1651078929959218, 1651078929959283, 65
159, 1651078929973141, 1651078929973275, 134
160, 1651078929990496, 1651078929990560, 64
161, 1651078930004221, 1651078930004352, 131
162, 1651078930018108, 1651078930018239, 131
163, 1651078930032072, 1651078930032136, 64
164, 1651078930046020, 1651078930046153, 133
165, 1651078930063425, 1651078930063487, 62
166, 1651078930077166, 1651078930077298, 132
167, 1651078930091055, 1651078930091184, 129
168, 1651078930105003, 1651078930105134, 131
169, 1651078930118977, 1651078930119108, 131
170, 1651078930136355, 1651078930136422, 67
171, 1651078930150001, 1651078930150065, 64
172, 1651078930163731, 1651078930163862, 131
173, 1651078930177626, 1651078930177690, 64
174, 1651078930191510, 1651078930191641, 131
175, 1651078930208895, 1651078930208961, 66
176, 1651078930222552, 1651078930222682, 130
177, 1651078930236396, 1651078930236460, 64
178, 1651078930250207, 1651078930250269, 62
179, 1651078930264113, 1651078930264174, 61
180, 1651078930281377, 1651078930281508, 131
181, 1651078930295135, 1651078930295198, 63
182, 1651078930308874, 1651078930309007, 133
183, 1651078930322790, 1651078930322853, 63
184, 1651078930336707, 1651078930336837, 130
185, 1651078930354075, 1651078930354137, 62
186, 1651078930367761, 1651078930367891, 130
187, 1651078930381590, 1651078930381653, 63
188, 1651078930398937, 1651078930399007, 70
189, 1651078930417400, 1651078930417467, 67
190, 1651078930432519, 1651078930432592, 73
191, 1651078930447666, 1651078930447728, 62
192, 1651078930460865, 1651078930460928, 63
193, 1651078930474459, 1651078930474522, 63
194, 1651078930487698, 1651078930487759, 61
195, 1651078930500912, 1651078930500973, 61
196, 1651078930514136, 1651078930514200, 64
197, 1651078930527401, 1651078930527465, 64
198, 1651078930540650, 1651078930540712, 62
199, 1651078930554293, 1651078930554353, 60
200, 1651078930567586, 1651078930567651, 65
201, 1651078930582765, 1651078930582828, 63
202, 1651078930596051, 1651078930596113, 62
203, 1651078930609768, 1651078930609866, 98
204, 1651078930623525, 1651078930623590, 65
205, 1651078930637232, 1651078930637293, 61
206, 1651078930653973, 1651078930654034, 61
207, 1651078930667514, 1651078930667576, 62
208, 1651078930681085, 1651078930681151, 66
209, 1651078930694339, 1651078930694475, 136
210, 1651078930708171, 1651078930708234, 63
211, 1651078930721438, 1651078930721572, 134
212, 1651078930735282, 1651078930735345, 63
213, 1651078930748551, 1651078930748615, 64
214, 1651078930761848, 1651078930761987, 139
215, 1651078930775756, 1651078930775864, 108
216, 1651078930789816, 1651078930789922, 106
217, 1651078930803903, 1651078930804009, 106
218, 1651078930817954, 1651078930818060, 106
219, 1651078930832033, 1651078930832139, 106
220, 1651078930846101, 1651078930846207, 106
221, 1651078930860236, 1651078930860251, 15
222, 1651078930873906, 1651078930873924, 18
223, 1651078930887593, 1651078930887700, 107
224, 1651078930901731, 1651078930901836, 105
225, 1651078930915849, 1651078930915867, 18
226, 1651078930932892, 1651078930932910, 18
227, 1651078930946435, 1651078930946453, 18
228, 1651078930959987, 1651078930960094, 107
229, 1651078930973999, 1651078930974106, 107
230, 1651078930987996, 1651078930988015, 19
231, 1651078931001363, 1651078931001381, 18
232, 1651078931014740, 1651078931014757, 17
233, 1651078931028335, 1651078931028353, 18
234, 1651078931041981, 1651078931041999, 18
235, 1651078931055596, 1651078931055703, 107
236, 1651078931069649, 1651078931069753, 104
237, 1651078931083733, 1651078931083838, 105
238, 1651078931097798, 1651078931097903, 105
239, 1651078931111929, 1651078931112034, 105
240, 1651078931126013, 1651078931126031, 18
241, 1651078931139712, 1651078931139729, 17
242, 1651078931153393, 1651078931153410, 17
243, 1651078931167082, 1651078931167100, 18
244, 1651078931180804, 1651078931180821, 17
245, 1651078931194510, 1651078931194528, 18
246, 1651078931211528, 1651078931211545, 17
247, 1651078931225096, 1651078931225113, 17
248, 1651078931238656, 1651078931238674, 18
249, 1651078931252206, 1651078931252223, 17
250, 1651078931265797, 1651078931265814, 17
251, 1651078931279373, 1651078931279479, 106
252, 1651078931293381, 1651078931293487, 106
253, 1651078931307429, 1651078931307494, 65
254, 1651078931320724, 1651078931320898, 174
255, 1651078931334672, 1651078931334737, 65
256, 1651078931347985, 1651078931348117, 132
257, 1651078931361903, 1651078931361965, 62
258, 1651078931375237, 1651078931375299, 62
259, 1651078931388598, 1651078931388729, 131
260, 1651078931402510, 1651078931402642, 132
261, 1651078931416464, 1651078931416609, 145
262, 1651078931430448, 1651078931430513, 65
263, 1651078931443914, 1651078931444047, 133
264, 1651078931457941, 1651078931458005, 64
265, 1651078931471418, 1651078931471549, 131
266, 1651078931488766, 1651078931488897, 131
267, 1651078931502673, 1651078931502736, 63
268, 1651078931515936, 1651078931516065, 129
269, 1651078931529761, 1651078931529822, 61
270, 1651078931543001, 1651078931543065, 64
271, 1651078931556278, 1651078931556409, 131
272, 1651078931570097, 1651078931570159, 62
273, 1651078931583396, 1651078931583525, 129
274, 1651078931597236, 1651078931597301, 65
275, 1651078931610556, 1651078931610687, 131
276, 1651078931624419, 1651078931624486, 67
277, 1651078931637777, 1651078931637910, 133
278, 1651078931651661, 1651078931651724, 63
279, 1651078931665022, 1651078931665173, 151
280, 1651078931682418, 1651078931682487, 69
281, 1651078931696550, 1651078931696615, 65
282, 1651078931710669, 1651078931710733, 64
283, 1651078931724817, 1651078931724947, 130
284, 1651078931742051, 1651078931742115, 64
285, 1651078931756032, 1651078931756187, 155
286, 1651078931772948, 1651078931773087, 139
287, 1651078931786834, 1651078931786899, 65
288, 1651078931800095, 1651078931800158, 63
289, 1651078931813363, 1651078931813426, 63
290, 1651078931826666, 1651078931826795, 129
291, 1651078931840516, 1651078931840592, 76
292, 1651078931853821, 1651078931853953, 132
293, 1651078931867698, 1651078931867807, 109
294, 1651078931881714, 1651078931881818, 104
295, 1651078931895759, 1651078931895778, 19
296, 1651078931909041, 1651078931909146, 105
297, 1651078931923081, 1651078931923272, 191
298, 1651078931937036, 1651078931937226, 190
299, 1651078931950967, 1651078931951074, 107
300, 1651078931965032, 1651078931965137, 105
301, 1651078931979129, 1651078931979147, 18
302, 1651078931995737, 1651078931995845, 108
303, 1651078932009647, 1651078932009751, 104
304, 1651078932023587, 1651078932023606, 19
305, 1651078932038191, 1651078932038341, 150
306, 1651078932052195, 1651078932052214, 19
307, 1651078932066853, 1651078932066870, 17
308, 1651078932080053, 1651078932080071, 18
309, 1651078932093271, 1651078932093289, 18
310, 1651078932106498, 1651078932106515, 17
311, 1651078932119764, 1651078932119870, 106
312, 1651078932133789, 1651078932133808, 19
313, 1651078932147078, 1651078932147183, 105
314, 1651078932161120, 1651078932161224, 104
315, 1651078932175168, 1651078932175187, 19
316, 1651078932188485, 1651078932188502, 17
317, 1651078932201792, 1651078932201809, 17
318, 1651078932215094, 1651078932215111, 17
319, 1651078932228437, 1651078932228455, 18
320, 1651078932245072, 1651078932245089, 17
321, 1651078932258216, 1651078932258233, 17
322, 1651078932271389, 1651078932271404, 15
323, 1651078932286072, 1651078932286089, 17
324, 1651078932300823, 1651078932300838, 15
325, 1651078932315589, 1651078932315604, 15
326, 1651078932328880, 1651078932328896, 16
327, 1651078932343710, 1651078932343725, 15
328, 1651078932358570, 1651078932358586, 16
329, 1651078932371946, 1651078932371962, 16
330, 1651078932386876, 1651078932386891, 15
331, 1651078932401884, 1651078932401899, 15
332, 1651078932415279, 1651078932415294, 15
333, 1651078932433439, 1651078932433455, 16
334, 1651078932448133, 1651078932448148, 15
335, 1651078932462887, 1651078932462902, 15
336, 1651078932477648, 1651078932477663, 15
337, 1651078932492445, 1651078932492463, 18
338, 1651078932507330, 1651078932507346, 16
339, 1651078932522215, 1651078932522230, 15
340, 1651078932537160, 1651078932537175, 15
341, 1651078932552113, 1651078932552128, 15
342, 1651078932567138, 1651078932567153, 15
343, 1651078932585271, 1651078932585288, 17
344, 1651078932600001, 1651078932600018, 17
345, 1651078932614727, 1651078932614742, 15
346, 1651078932628000, 1651078932628017, 17
347, 1651078932641314, 1651078932641330, 16
348, 1651078932656114, 1651078932656132, 18
349, 1651078932670971, 1651078932671038, 67
350, 1651078932684960, 1651078932685028, 68
351, 1651078932699033, 1651078932699099, 66
352, 1651078932713079, 1651078932713144, 65
353, 1651078932727118, 1651078932727183, 65
354, 1651078932741181, 1651078932741244, 63
355, 1651078932755209, 1651078932755275, 66
356, 1651078932769280, 1651078932769345, 65
357, 1651078932783330, 1651078932783433, 103
358, 1651078932800774, 1651078932800842, 68
359, 1651078932814672, 1651078932814736, 64
360, 1651078932828545, 1651078932828609, 64
361, 1651078932842487, 1651078932842551, 64
362, 1651078932856421, 1651078932856490, 69
363, 1651078932870458, 1651078932870521, 63
364, 1651078932884458, 1651078932884521, 63
365, 1651078932898547, 1651078932898610, 63
366, 1651078932912546, 1651078932912609, 63
367, 1651078932926659, 1651078932926723, 64
368, 1651078932940691, 1651078932940756, 65
369, 1651078932954765, 1651078932954829, 64
370, 1651078932968797, 1651078932968864, 67
371, 1651078932982807, 1651078932982872, 65
372, 1651078932999310, 1651078932999377, 67
373, 1651078933020656, 1651078933020729, 73
374, 1651078933034523, 1651078933034590, 67
375, 1651078933047631, 1651078933047695, 64
376, 1651078933061555, 1651078933061619, 64
377, 1651078933074676, 1651078933074742, 66
378, 1651078933087846, 1651078933087989, 143
379, 1651078933101405, 1651078933101632, 227
380, 1651078933115679, 1651078933115823, 144
381, 1651078933129280, 1651078933129421, 141
382, 1651078933142889, 1651078933143030, 141
383, 1651078933156503, 1651078933156657, 154
384, 1651078933170172, 1651078933170312, 140
385, 1651078933183833, 1651078933183974, 141
386, 1651078933197469, 1651078933197609, 140
387, 1651078933211121, 1651078933211263, 142
388, 1651078933224791, 1651078933224931, 140
389, 1651078933238499, 1651078933238653, 154
390, 1651078933252226, 1651078933252292, 66
391, 1651078933270850, 1651078933271001, 151
392, 1651078933284450, 1651078933284608, 158
393, 1651078933298020, 1651078933298159, 139
394, 1651078933311607, 1651078933311745, 138
395, 1651078933325174, 1651078933325316, 142
396, 1651078933338765, 1651078933338903, 138
397, 1651078933352379, 1651078933352517, 138
398, 1651078933365988, 1651078933366130, 142
399, 1651078933379598, 1651078933379739, 141
400, 1651078933393211, 1651078933393349, 138
401, 1651078933406859, 1651078933407002, 143
402, 1651078933420497, 1651078933420576, 79
403, 1651078933435746, 1651078933435810, 64
404, 1651078933449048, 1651078933449115, 67
405, 1651078933463110, 1651078933463174, 64
406, 1651078933476373, 1651078933476437, 64
407, 1651078933489685, 1651078933489749, 64
408, 1651078933503741, 1651078933503843, 102
409, 1651078933517085, 1651078933517154, 69
410, 1651078933533799, 1651078933533866, 67
411, 1651078933546997, 1651078933547062, 65
412, 1651078933560198, 1651078933560263, 65
413, 1651078933573443, 1651078933573511, 68
414, 1651078933586673, 1651078933586737, 64
415, 1651078933599904, 1651078933599967, 63
416, 1651078933613170, 1651078933613236, 66
417, 1651078933626422, 1651078933626686, 264
418, 1651078933641006, 1651078933641068, 62
419, 1651078933654308, 1651078933654372, 64
420, 1651078933667596, 1651078933667662, 66
421, 1651078933680892, 1651078933680959, 67
422, 1651078933694226, 1651078933694294, 68
423, 1651078933707549, 1651078933707615, 66
424, 1651078933720876, 1651078933720940, 64
425, 1651078933734236, 1651078933734301, 65
426, 1651078933747581, 1651078933747648, 67
427, 1651078933760936, 1651078933761035, 99
428, 1651078933780948, 1651078933781019, 71
429, 1651078933794954, 1651078933795023, 69
430, 1651078933808933, 1651078933808999, 66
431, 1651078933822916, 1651078933822981, 65
432, 1651078933836936, 1651078933837000, 64
433, 1651078933850936, 1651078933851005, 69
434, 1651078933864981, 1651078933865049, 68
435, 1651078933879002, 1651078933879067, 65
436, 1651078933893037, 1651078933893106, 69
437, 1651078933907058, 1651078933907125, 67
438, 1651078933921119, 1651078933921184, 65
439, 1651078933935158, 1651078933935225, 67
440, 1651078933949210, 1651078933949276, 66
441, 1651078933963296, 1651078933963362, 66
442, 1651078933977365, 1651078933977430, 65
443, 1651078933991472, 1651078933991537, 65
444, 1651078934005572, 1651078934005639, 67
445, 1651078934019714, 1651078934019782, 68
446, 1651078934033838, 1651078934033904, 66
447, 1651078934051330, 1651078934051398, 68
448, 1651078934065288, 1651078934065354, 66
449, 1651078934079254, 1651078934079320, 66
450, 1651078934093255, 1651078934093321, 66
451, 1651078934107239, 1651078934107306, 67
452, 1651078934121267, 1651078934121488, 221
453, 1651078934135518, 1651078934135656, 138
454, 1651078934149600, 1651078934149739, 139
455, 1651078934163664, 1651078934163804, 140
456, 1651078934177766, 1651078934177907, 141
457, 1651078934191848, 1651078934191986, 138
458, 1651078934205935, 1651078934206072, 137
459, 1651078934220240, 1651078934220338, 98
460, 1651078934234374, 1651078934234439, 65
461, 1651078934248478, 1651078934248551, 73
462, 1651078934262440, 1651078934262506, 66
463, 1651078934276424, 1651078934276492, 68
464, 1651078934291292, 1651078934291354, 62
465, 1651078934315902, 1651078934315980, 78
466, 1651078934329816, 1651078934329879, 63
467, 1651078934343483, 1651078934343621, 138
468, 1651078934358254, 1651078934358389, 135
469, 1651078934373019, 1651078934373151, 132
470, 1651078934387894, 1651078934388024, 130
471, 1651078934404901, 1651078934404966, 65
472, 1651078934418582, 1651078934418643, 61
473, 1651078934432265, 1651078934432328, 63
474, 1651078934446056, 1651078934446116, 60
475, 1651078934459854, 1651078934459916, 62
476, 1651078934473697, 1651078934473760, 63
477, 1651078934487465, 1651078934487526, 61
478, 1651078934501376, 1651078934501438, 62
479, 1651078934515187, 1651078934515245, 58
480, 1651078934529114, 1651078934529176, 62
481, 1651078934734247, 1651078934734313, 66
482, 1651078934748050, 1651078934748111, 61
483, 1651078934761560, 1651078934761618, 58
484, 1651078934775126, 1651078934775187, 61
485, 1651078934788694, 1651078934788758, 64
486, 1651078934802352, 1651078934802413, 61
487, 1651078934816068, 1651078934816128, 60
488, 1651078934829717, 1651078934829776, 59
489, 1651078934843397, 1651078934843457, 60
490, 1651078934857211, 1651078934857272, 61
491, 1651078934874285, 1651078934874347, 62
492, 1651078934888176, 1651078934888236, 60
493, 1651078934901903, 1651078934901965, 62
494, 1651078934915636, 1651078934915696, 60
495, 1651078934929295, 1651078934929356, 61
496, 1651078934943086, 1651078934943145, 59
497, 1651078934956809, 1651078934956870, 61
498, 1651078934970681, 1651078934970746, 65
499, 1651078934984468, 1651078934984529, 61
500, 1651078935004870, 1651078935004936, 66
501, 1651078935019864, 1651078935019926, 62
502, 1651078935033706, 1651078935033765, 59
503, 1651078935047230, 1651078935047291, 61
504, 1651078935060781, 1651078935060840, 59
505, 1651078935074354, 1651078935074414, 60
506, 1651078935087956, 1651078935088016, 60
507, 1651078935101714, 1651078935101777, 63
508, 1651078935115479, 1651078935115536, 57
509, 1651078935129187, 1651078935129246, 59
510, 1651078935143002, 1651078935143099, 97
511, 1651078935156823, 1651078935156886, 63
512, 1651078935174002, 1651078935174063, 61
513, 1651078935187714, 1651078935187775, 61
514, 1651078935201443, 1651078935201503, 60
515, 1651078935215112, 1651078935215171, 59
516, 1651078935228929, 1651078935228989, 60
517, 1651078935242669, 1651078935242731, 62
518, 1651078935256547, 1651078935256609, 62
519, 1651078935274717, 1651078935274780, 63
520, 1651078935288691, 1651078935288751, 60
521, 1651078935302664, 1651078935302730, 66
522, 1651078935318472, 1651078935318539, 67
523, 1651078935332110, 1651078935332172, 62
524, 1651078935345760, 1651078935345820, 60
525, 1651078935359461, 1651078935359520, 59
526, 1651078935373140, 1651078935373204, 64
527, 1651078935386874, 1651078935387007, 133
528, 1651078935401637, 1651078935401702, 65
529, 1651078935415440, 1651078935415572, 132
530, 1651078935430314, 1651078935430376, 62
531, 1651078935446285, 1651078935446348, 63
532, 1651078935459975, 1651078935460037, 62
533, 1651078935473720, 1651078935473851, 131
534, 1651078935488476, 1651078935488619, 143
535, 1651078935503315, 1651078935503447, 132
536, 1651078935518176, 1651078935518238, 62
537, 1651078935532063, 1651078935532194, 131
538, 1651078935548041, 1651078935548101, 60
539, 1651078935563913, 1651078935564045, 132
540, 1651078935578436, 1651078935578498, 62
541, 1651078935592083, 1651078935592213, 130
542, 1651078935606742, 1651078935606870, 128
543, 1651078935621465, 1651078935621530, 65
544, 1651078935635194, 1651078935635324, 130
545, 1651078935650028, 1651078935650090, 62
546, 1651078935663808, 1651078935663870, 62
547, 1651078935679754, 1651078935679884, 130
548, 1651078935694353, 1651078935694415, 62
549, 1651078935708079, 1651078935708208, 129
550, 1651078935722809, 1651078935722870, 61
551, 1651078935736548, 1651078935736679, 131
552, 1651078935751367, 1651078935751497, 130
553, 1651078935766275, 1651078935766336, 61
554, 1651078935780136, 1651078935780265, 129
555, 1651078935798454, 1651078935798589, 135
556, 1651078935813144, 1651078935813204, 60
557, 1651078935843260, 1651078935843330, 70
558, 1651078935862571, 1651078935862705, 134
559, 1651078935876744, 1651078935876807, 63
560, 1651078935891525, 1651078935891589, 64
561, 1651078935906418, 1651078935906515, 97
562, 1651078935924504, 1651078935924649, 145
563, 1651078935938694, 1651078935938827, 133
564, 1651078935952938, 1651078935953001, 63
565, 1651078935967688, 1651078935967749, 61
566, 1651078935982436, 1651078935982565, 129
567, 1651078935996668, 1651078935996798, 130
568, 1651078936013078, 1651078936013169, 91
569, 1651078936035361, 1651078936035426, 65
570, 1651078936049083, 1651078936049148, 65
571, 1651078936063047, 1651078936063110, 63
572, 1651078936076903, 1651078936076964, 61
573, 1651078936090952, 1651078936091013, 61
574, 1651078936105066, 1651078936105126, 60
575, 1651078936122403, 1651078936122465, 62
576, 1651078936136917, 1651078936136981, 64
577, 1651078936150734, 1651078936150796, 62
578, 1651078936164635, 1651078936164765, 130
579, 1651078936179140, 1651078936179201, 61
580, 1651078936193188, 1651078936193325, 137
581, 1651078936210077, 1651078936210139, 62
582, 1651078936223903, 1651078936223965, 62
583, 1651078936237765, 1651078936237896, 131
584, 1651078936252282, 1651078936252416, 134
585, 1651078936266864, 1651078936266995, 131
586, 1651078936281552, 1651078936281615, 63
587, 1651078936298842, 1651078936298903, 61
588, 1651078936313761, 1651078936313891, 130
589, 1651078936328082, 1651078936328211, 129
590, 1651078936342516, 1651078936342644, 128
591, 1651078936357007, 1651078936357143, 136
592, 1651078936373848, 1651078936373910, 62
593, 1651078936387575, 1651078936387635, 60
594, 1651078936401383, 1651078936401513, 130
595, 1651078936415803, 1651078936415935, 132
596, 1651078936430335, 1651078936430396, 61
597, 1651078936444352, 1651078936444415, 63
598, 1651078936461759, 1651078936461889, 130
599, 1651078936476098, 1651078936476161, 63
600, 1651078936489986, 1651078936490116, 130
601, 1651078936504473, 1651078936504543, 70
602, 1651078936518544, 1651078936518675, 131
603, 1651078936533181, 1651078936533315, 134
604, 1651078936551058, 1651078936551187, 129
605, 1651078936565489, 1651078936565551, 62
606, 1651078936579439, 1651078936579570, 131
607, 1651078936594023, 1651078936594084, 61
608, 1651078936609118, 1651078936609181, 63
609, 1651078936625294, 1651078936625357, 63
610, 1651078936638990, 1651078936639052, 62
611, 1651078936652729, 1651078936652788, 59
612, 1651078936666557, 1651078936666619, 62
613, 1651078936680418, 1651078936680511, 93
614, 1651078936694428, 1651078936694489, 61
615, 1651078936708417, 1651078936708477, 60
616, 1651078936725795, 1651078936725858, 63
617, 1651078936739697, 1651078936739756, 59
618, 1651078936753522, 1651078936753580, 58
619, 1651078936767581, 1651078936767643, 62
620, 1651078936781544, 1651078936781605, 61
621, 1651078936795595, 1651078936795655, 60
622, 1651078936809817, 1651078936809881, 64
623, 1651078936826422, 1651078936826483, 61
624, 1651078936840432, 1651078936840492, 60
625, 1651078936854410, 1651078936854469, 59
626, 1651078936868410, 1651078936868472, 62
627, 1651078936886277, 1651078936886337, 60
628, 1651078936903050, 1651078936903113, 63
629, 1651078936917952, 1651078936918013, 61
630, 1651078936931688, 1651078936931750, 62
631, 1651078936945519, 1651078936945579, 60
632, 1651078936959387, 1651078936959447, 60
633, 1651078936973445, 1651078936973509, 64
634, 1651078936987580, 1651078936987642, 62
635, 1651078937003877, 1651078937003939, 62
636, 1651078937020415, 1651078937020475, 60
637, 1651078937035040, 1651078937035101, 61
638, 1651078937049085, 1651078937049145, 60
639, 1651078937063067, 1651078937063128, 61
640, 1651078937077142, 1651078937077203, 61
641, 1651078937091380, 1651078937091441, 61
642, 1651078937108027, 1651078937108089, 62
643, 1651078937122617, 1651078937122677, 60
644, 1651078937139717, 1651078937139778, 61
645, 1651078937153554, 1651078937153614, 60
646, 1651078937167620, 1651078937167681, 61
647, 1651078937181638, 1651078937181700, 62
648, 1651078937199051, 1651078937199109, 58
649, 1651078937216547, 1651078937216609, 62
650, 1651078937236411, 1651078937236480, 69
651, 1651078937254502, 1651078937254565, 63
652, 1651078937268889, 1651078937268949, 60
653, 1651078937283613, 1651078937283678, 65
654, 1651078937300953, 1651078937301016, 63
655, 1651078937317196, 1651078937317259, 63
656, 1651078937330865, 1651078937330926, 61
657, 1651078937344547, 1651078937344607, 60
658, 1651078937358476, 1651078937358535, 59
659, 1651078937372342, 1651078937372400, 58
660, 1651078937386432, 1651078937386493, 61
661, 1651078937400427, 1651078937400487, 60
662, 1651078937417964, 1651078937418027, 63
663, 1651078937431850, 1651078937431911, 61
664, 1651078937445838, 1651078937445934, 96
665, 1651078937459777, 1651078937459835, 58
666, 1651078937473869, 1651078937473929, 60
667, 1651078937487894, 1651078937487957, 63
668, 1651078937501987, 1651078937502050, 63
669, 1651078937519282, 1651078937519341, 59
670, 1651078937533386, 1651078937533447, 61
671, 1651078937548056, 1651078937548116, 60
672, 1651078937562016, 1651078937562076, 60
673, 1651078937576038, 1651078937576097, 59
674, 1651078937593947, 1651078937594009, 62
675, 1651078937611018, 1651078937611079, 61
676, 1651078937624846, 1651078937624906, 60
677, 1651078937638733, 1651078937638792, 59
678, 1651078937652548, 1651078937652608, 60
679, 1651078937666569, 1651078937666630, 61
680, 1651078937680679, 1651078937680739, 60
681, 1651078937694693, 1651078937694753, 60
682, 1651078937712229, 1651078937712293, 64
683, 1651078937726135, 1651078937726194, 59
684, 1651078937740129, 1651078937740189, 60
685, 1651078937754030, 1651078937754092, 62
686, 1651078937767997, 1651078937768059, 62
687, 1651078937782030, 1651078937782090, 60
688, 1651078937796127, 1651078937796187, 60
689, 1651078937813425, 1651078937813487, 62
690, 1651078937827415, 1651078937827475, 60
691, 1651078937841362, 1651078937841425, 63
692, 1651078937855484, 1651078937855544, 60
693, 1651078937873336, 1651078937873398, 62
694, 1651078937887565, 1651078937887626, 61
695, 1651078937903837, 1651078937903896, 59
696, 1651078937917665, 1651078937917726, 61
697, 1651078937931565, 1651078937931626, 61
698, 1651078937945390, 1651078937945452, 62
699, 1651078937959269, 1651078937959328, 59
700, 1651078937973233, 1651078937973292, 59
701, 1651078937987373, 1651078937987434, 61
702, 1651078938004908, 1651078938004969, 61
703, 1651078938018815, 1651078938018878, 63
704, 1651078938032817, 1651078938032876, 59
705, 1651078938046715, 1651078938046775, 60
706, 1651078938060677, 1651078938060737, 60
707, 1651078938074712, 1651078938074771, 59
708, 1651078938088815, 1651078938088875, 60
709, 1651078938106264, 1651078938106356, 92
710, 1651078938128363, 1651078938128425, 62
711, 1651078938142856, 1651078938142914, 58
712, 1651078938157417, 1651078938157479, 62
713, 1651078938171460, 1651078938171594, 134
714, 1651078938186026, 1651078938186089, 63
715, 1651078938203330, 1651078938203422, 92
716, 1651078938217856, 1651078938217919, 63
717, 1651078938232408, 1651078938232468, 60
718, 1651078938246311, 1651078938246386, 75
719, 1651078938260449, 1651078938260511, 62
720, 1651078938274491, 1651078938274551, 60
721, 1651078938290791, 1651078938290852, 61
722, 1651078938305299, 1651078938305358, 59
723, 1651078938319897, 1651078938319959, 62
724, 1651078938333936, 1651078938333997, 61
725, 1651078938348038, 1651078938348099, 61
726, 1651078938362212, 1651078938362273, 61
727, 1651078938376445, 1651078938376505, 60
728, 1651078938397275, 1651078938397347, 72
729, 1651078938412941, 1651078938413007, 66
730, 1651078938427487, 1651078938427553, 66
731, 1651078938442073, 1651078938442142, 69
732, 1651078938456753, 1651078938456819, 66
733, 1651078938471462, 1651078938471528, 66
734, 1651078938488371, 1651078938488438, 67
735, 1651078938504053, 1651078938504121, 68
736, 1651078938518586, 1651078938518652, 66
737, 1651078938533208, 1651078938533272, 64
738, 1651078938547899, 1651078938547967, 68
739, 1651078938562727, 1651078938562794, 67
740, 1651078938577591, 1651078938577655, 64
741, 1651078938599213, 1651078938599281, 68
742, 1651078938617673, 1651078938617745, 72
743, 1651078938635278, 1651078938635344, 66
744, 1651078938653346, 1651078938653418, 72
745, 1651078938667911, 1651078938667978, 67
746, 1651078938682406, 1651078938682473, 67
747, 1651078938696945, 1651078938697007, 62
748, 1651078938711189, 1651078938711253, 64
749, 1651078938725405, 1651078938725469, 64
750, 1651078938739998, 1651078938740066, 68
751, 1651078938754586, 1651078938754653, 67
752, 1651078938768852, 1651078938768915, 63
753, 1651078938783161, 1651078938783224, 63
754, 1651078938797799, 1651078938797863, 64
755, 1651078938812120, 1651078938812185, 65
756, 1651078938826822, 1651078938826888, 66
757, 1651078938841550, 1651078938841616, 66
758, 1651078938855932, 1651078938855995, 63
759, 1651078938870350, 1651078938870415, 65
760, 1651078938890312, 1651078938890376, 64
761, 1651078938905575, 1651078938905643, 68
762, 1651078938920044, 1651078938920107, 63
763, 1651078938934158, 1651078938934221, 63
764, 1651078938948628, 1651078938948698, 70
765, 1651078938963237, 1651078938963305, 68
766, 1651078938977853, 1651078938977953, 100
767, 1651078938992525, 1651078938992596, 71
768, 1651078939007180, 1651078939007245, 65
769, 1651078939021817, 1651078939021887, 70
770, 1651078939036487, 1651078939036561, 74
771, 1651078939051204, 1651078939051270, 66
772, 1651078939065900, 1651078939065966, 66
773, 1651078939080619, 1651078939080686, 67
774, 1651078939095381, 1651078939095447, 66
775, 1651078939110160, 1651078939110225, 65
776, 1651078939124927, 1651078939124994, 67
777, 1651078939139748, 1651078939139813, 65
778, 1651078939154553, 1651078939154617, 64
779, 1651078939169380, 1651078939169444, 64
780, 1651078939189446, 1651078939189514, 68
781, 1651078939205130, 1651078939205196, 66
782, 1651078939219641, 1651078939219707, 66
783, 1651078939234194, 1651078939234261, 67
784, 1651078939248773, 1651078939248841, 68
785, 1651078939263343, 1651078939263408, 65
786, 1651078939277948, 1651078939278012, 64
787, 1651078939292548, 1651078939292615, 67
788, 1651078939307171, 1651078939307236, 65
789, 1651078939321833, 1651078939321898, 65
790, 1651078939336486, 1651078939336563, 77
791, 1651078939351177, 1651078939351242, 65
792, 1651078939365890, 1651078939365954, 64
793, 1651078939380629, 1651078939380693, 64
794, 1651078939395361, 1651078939395426, 65
795, 1651078939410140, 1651078939410206, 66
796, 1651078939424914, 1651078939424978, 64
797, 1651078939439700, 1651078939439766, 66
798, 1651078939454529, 1651078939454595, 66
799, 1651078939469360, 1651078939469425, 65
800, 1651078939489398, 1651078939489466, 68
801, 1651078939505112, 1651078939505179, 67
802, 1651078939519653, 1651078939519718, 65
803, 1651078939534207, 1651078939534271, 64
804, 1651078939548778, 1651078939548845, 67
805, 1651078939563352, 1651078939563418, 66
806, 1651078939577940, 1651078939578004, 64
807, 1651078939592548, 1651078939592692, 144
808, 1651078939606826, 1651078939606965, 139
809, 1651078939621113, 1651078939621251, 138
810, 1651078939635447, 1651078939635585, 138
811, 1651078939649797, 1651078939649937, 140
812, 1651078939664146, 1651078939664285, 139
813, 1651078939678547, 1651078939678686, 139
814, 1651078939692935, 1651078939693072, 137
815, 1651078939707343, 1651078939707484, 141
816, 1651078939721792, 1651078939721932, 140
817, 1651078939736232, 1651078939736415, 183
818, 1651078939750762, 1651078939750905, 143
819, 1651078939765287, 1651078939765428, 141
820, 1651078939785025, 1651078939785165, 140
821, 1651078939800370, 1651078939800510, 140
822, 1651078939814587, 1651078939814722, 135
823, 1651078939829001, 1651078939829066, 65
824, 1651078939843549, 1651078939843614, 65
825, 1651078939858139, 1651078939858206, 67
826, 1651078939872728, 1651078939872798, 70
827, 1651078939887341, 1651078939887407, 66
828, 1651078939901991, 1651078939902057, 66
829, 1651078939916658, 1651078939916726, 68
830, 1651078939931325, 1651078939931390, 65
831, 1651078939946027, 1651078939946094, 67
832, 1651078939960724, 1651078939960788, 64
833, 1651078939979239, 1651078939979310, 71
834, 1651078940001626, 1651078940001693, 67
835, 1651078940016214, 1651078940016288, 74
836, 1651078940034818, 1651078940034884, 66
837, 1651078940049262, 1651078940049328, 66
838, 1651078940063667, 1651078940063732, 65
839, 1651078940078086, 1651078940078153, 67
840, 1651078940094665, 1651078940094731, 66
841, 1651078940110122, 1651078940110187, 65
842, 1651078940124409, 1651078940124474, 65
843, 1651078940138682, 1651078940138746, 64
844, 1651078940153697, 1651078940153762, 65
845, 1651078940167994, 1651078940168056, 62
846, 1651078940183078, 1651078940183143, 65
847, 1651078940198181, 1651078940198244, 63
848, 1651078940212539, 1651078940212685, 146
849, 1651078940226972, 1651078940227113, 141
850, 1651078940241414, 1651078940241583, 169
851, 1651078940263250, 1651078940263395, 145
852, 1651078940277321, 1651078940277461, 140
853, 1651078940291365, 1651078940291507, 142
854, 1651078940305428, 1651078940305568, 140
855, 1651078940319547, 1651078940319688, 141
856, 1651078940333615, 1651078940333754, 139
857, 1651078940347727, 1651078940347865, 138
858, 1651078940361890, 1651078940362031, 141
859, 1651078940376044, 1651078940376185, 141
860, 1651078940390203, 1651078940390342, 139
861, 1651078940404395, 1651078940404544, 149
862, 1651078940418584, 1651078940418721, 137
863, 1651078940433689, 1651078940433754, 65
864, 1651078940447973, 1651078940448040, 67
865, 1651078940462174, 1651078940462239, 65
866, 1651078940476341, 1651078940476406, 65
867, 1651078940490534, 1651078940490599, 65
868, 1651078940507979, 1651078940508046, 67
869, 1651078940521969, 1651078940522069, 100
870, 1651078940536047, 1651078940536112, 65
871, 1651078940550055, 1651078940550119, 64
872, 1651078940563883, 1651078940563946, 63
873, 1651078940577775, 1651078940577906, 131
874, 1651078940591053, 1651078940591185, 132
875, 1651078940604337, 1651078940604466, 129
876, 1651078940617626, 1651078940617646, 20
877, 1651078940631084, 1651078940631102, 18
878, 1651078940644548, 1651078940644744, 196
879, 1651078940657871, 1651078940658072, 201
880, 1651078940671213, 1651078940671232, 19
881, 1651078940684730, 1651078940684748, 18
882, 1651078940698227, 1651078940698423, 196
883, 1651078940711599, 1651078940711619, 20
884, 1651078940725146, 1651078940725342, 196
885, 1651078940738531, 1651078940738593, 62
886, 1651078940752493, 1651078940752568, 75
887, 1651078940766505, 1651078940766634, 129
888, 1651078940783205, 1651078940783336, 131
889, 1651078940796446, 1651078940796597, 151
890, 1651078940809732, 1651078940809795, 63
891, 1651078940823583, 1651078940823646, 63
892, 1651078940837442, 1651078940837504, 62
893, 1651078940851283, 1651078940851344, 61
894, 1651078940865131, 1651078940865264, 133
895, 1651078940878422, 1651078940878622, 200
896, 1651078940891733, 1651078940891751, 18
897, 1651078940905217, 1651078940905235, 18
898, 1651078940918285, 1651078940918303, 18
899, 1651078940931362, 1651078940931381, 19
900, 1651078940944482, 1651078940944500, 18
901, 1651078940957586, 1651078940957604, 18
902, 1651078940970704, 1651078940970722, 18
903, 1651078940983819, 1651078940983837, 18
904, 1651078940997331, 1651078940997349, 18
905, 1651078941010849, 1651078941010865, 16
906, 1651078941023997, 1651078941024015, 18
907, 1651078941037146, 1651078941037165, 19
908, 1651078941053985, 1651078941054001, 16
909, 1651078941066998, 1651078941067016, 18
910, 1651078941079991, 1651078941080009, 18
911, 1651078941092997, 1651078941093015, 18
912, 1651078941106004, 1651078941106023, 19
913, 1651078941119027, 1651078941119043, 16
914, 1651078941132442, 1651078941132460, 18
915, 1651078941145908, 1651078941145926, 18
916, 1651078941159348, 1651078941159365, 17
917, 1651078941172792, 1651078941172993, 201
918, 1651078941186147, 1651078941186343, 196
919, 1651078941199482, 1651078941199675, 193
920, 1651078941212856, 1651078941213092, 236
921, 1651078941226246, 1651078941226265, 19
922, 1651078941239747, 1651078941239943, 196
923, 1651078941253114, 1651078941253133, 19
924, 1651078941266671, 1651078941266686, 15
925, 1651078941279798, 1651078941279816, 18
926, 1651078941312649, 1651078941312664, 15
927, 1651078941326342, 1651078941326360, 18
928, 1651078941340060, 1651078941340078, 18
929, 1651078941367725, 1651078941367740, 15
930, 1651078941383411, 1651078941383429, 18
931, 1651078941398005, 1651078941398023, 18
932, 1651078941412644, 1651078941412662, 18
933, 1651078941427355, 1651078941427373, 18
934, 1651078941442157, 1651078941442175, 18
935, 1651078941456995, 1651078941457012, 17
936, 1651078941470909, 1651078941470926, 17
937, 1651078941484634, 1651078941484651, 17
938, 1651078941499425, 1651078941499443, 18
939, 1651078941513045, 1651078941513063, 18
940, 1651078941527597, 1651078941527615, 18
941, 1651078941542236, 1651078941542253, 17
942, 1651078941556942, 1651078941556959, 17
943, 1651078941570703, 1651078941570719, 16
944, 1651078941585518, 1651078941585534, 16
945, 1651078941602658, 1651078941602673, 15
946, 1651078941617216, 1651078941617234, 18
947, 1651078941631813, 1651078941631832, 19
948, 1651078941645587, 1651078941645603, 16
949, 1651078941660302, 1651078941660320, 18
950, 1651078941675106, 1651078941675122, 16
951, 1651078941688944, 1651078941688962, 18
952, 1651078941706042, 1651078941706060, 18
953, 1651078941719767, 1651078941719785, 18
954, 1651078941733545, 1651078941733563, 18
955, 1651078941748215, 1651078941748233, 18
956, 1651078941763005, 1651078941763021, 16
957, 1651078941776850, 1651078941776867, 17
958, 1651078941791772, 1651078941791790, 18
959, 1651078941805495, 1651078941805511, 16
960, 1651078941820269, 1651078941820285, 16
961, 1651078941837413, 1651078941837431, 18
962, 1651078941852005, 1651078941852022, 17
963, 1651078941865724, 1651078941865742, 18
964, 1651078941879472, 1651078941879488, 16
965, 1651078941894218, 1651078941894237, 19
966, 1651078941909033, 1651078941909050, 17
967, 1651078941922834, 1651078941922852, 18
968, 1651078941936640, 1651078941936656, 16
969, 1651078941954796, 1651078941954812, 16
970, 1651078941968489, 1651078941968507, 18
971, 1651078941982216, 1651078941982267, 51
972, 1651078941995999, 1651078941996018, 19
973, 1651078942009802, 1651078942009820, 18
974, 1651078942024552, 1651078942024570, 18
975, 1651078942039376, 1651078942039394, 18
976, 1651078942054240, 1651078942054258, 18
977, 1651078942072516, 1651078942072543, 27
978, 1651078942088207, 1651078942088222, 15
979, 1651078942101827, 1651078942101845, 18
980, 1651078942115482, 1651078942115500, 18
981, 1651078942129198, 1651078942129216, 18
982, 1651078942142916, 1651078942142932, 16
983, 1651078942157644, 1651078942157663, 19
984, 1651078942172415, 1651078942172433, 18
985, 1651078942190562, 1651078942190580, 18
986, 1651078942205120, 1651078942205138, 18
987, 1651078942219715, 1651078942219733, 18
988, 1651078942234427, 1651078942234445, 18
989, 1651078942249161, 1651078942249179, 18
990, 1651078942263972, 1651078942264174, 202
991, 1651078942278263, 1651078942278464, 201
992, 1651078942295956, 1651078942295976, 20
993, 1651078942314398, 1651078942314416, 18
994, 1651078942328322, 1651078942328337, 15
995, 1651078942342522, 1651078942342538, 16
996, 1651078942355473, 1651078942355491, 18
997, 1651078942368456, 1651078942368473, 17
998, 1651078942381496, 1651078942381513, 17
999, 1651078942395515, 1651078942395530, 15

