0, 1651078927590292, 1651078927597973, 7681
1, 1651078927615171, 1651078927616043, 872
2, 1651078927630420, 1651078927630438, 18
3, 1651078927647768, 1651078927647870, 102
4, 1651078927662695, 1651078927662714, 19
5, 1651078927676550, 1651078927676652, 102
6, 1651078927689164, 1651078927689262, 98
7, 1651078927701787, 1651078927701884, 97
8, 1651078927714431, 1651078927714530, 99
9, 1651078927727103, 1651078927727202, 99
10, 1651078927739807, 1651078927739826, 19
11, 1651078927753820, 1651078927753838, 18
12, 1651078927767915, 1651078927768015, 100
13, 1651078927780704, 1651078927780722, 18
14, 1651078927794842, 1651078927794940, 98
15, 1651078927807641, 1651078927807737, 96
16, 1651078927820458, 1651078927820566, 108
17, 1651078927833340, 1651078927833358, 18
18, 1651078927847665, 1651078927847683, 18
19, 1651078927865362, 1651078927865379, 17
20, 1651078927879371, 1651078927879388, 17
21, 1651078927893382, 1651078927893399, 17
22, 1651078927907441, 1651078927907538, 97
23, 1651078927923438, 1651078927923456, 18
24, 1651078927937411, 1651078927937510, 99
25, 1651078927950076, 1651078927950094, 18
26, 1651078927964101, 1651078927964198, 97
27, 1651078927976840, 1651078927976938, 98
28, 1651078927989567, 1651078927989663, 96
29, 1651078928002320, 1651078928002417, 97
30, 1651078928015078, 1651078928015097, 19
31, 1651078928029334, 1651078928029351, 17
32, 1651078928046976, 1651078928046994, 18
33, 1651078928060891, 1651078928060906, 15
34, 1651078928074976, 1651078928074994, 18
35, 1651078928089974, 1651078928089989, 15
36, 1651078928105159, 1651078928105176, 17
37, 1651078928120459, 1651078928120474, 15
38, 1651078928134588, 1651078928134607, 19
39, 1651078928148771, 1651078928148789, 18
40, 1651078928166171, 1651078928166188, 17
41, 1651078928180262, 1651078928180280, 18
42, 1651078928194375, 1651078928194393, 18
43, 1651078928211724, 1651078928211742, 18
44, 1651078928225766, 1651078928225784, 18
45, 1651078928239670, 1651078928239899, 229
46, 1651078928254926, 1651078928254944, 18
47, 1651078928269134, 1651078928269241, 107
48, 1651078928281941, 1651078928281959, 18
49, 1651078928299574, 1651078928299631, 57
50, 1651078928313598, 1651078928313707, 109
51, 1651078928326299, 1651078928326407, 108
52, 1651078928339016, 1651078928339035, 19
53, 1651078928353052, 1651078928353159, 107
54, 1651078928365841, 1651078928365859, 18
55, 1651078928379945, 1651078928379963, 18
56, 1651078928394094, 1651078928394112, 18
57, 1651078928408323, 1651078928408429, 106
58, 1651078928421200, 1651078928421305, 105
59, 1651078928434078, 1651078928434184, 106
60, 1651078928446976, 1651078928446994, 18
61, 1651078928461174, 1651078928477049, 15875
62, 1651078928489631, 1651078928489791, 160
63, 1651078928506609, 1651078928506745, 136
64, 1651078928521933, 1651078928522071, 138
65, 1651078928537295, 1651078928537430, 135
66, 1651078928552734, 1651078928552868, 134
67, 1651078928568276, 1651078928568408, 132
68, 1651078928583859, 1651078928583994, 135
69, 1651078928599553, 1651078928599618, 65
70, 1651078928617073, 1651078928617207, 134
71, 1651078928632530, 1651078928632674, 144
72, 1651078928651032, 1651078928651166, 134
73, 1651078928666336, 1651078928666469, 133
74, 1651078928681689, 1651078928681754, 65
75, 1651078928695712, 1651078928695776, 64
76, 1651078928709823, 1651078928709957, 134
77, 1651078928725400, 1651078928725533, 133
78, 1651078928743265, 1651078928743398, 133
79, 1651078928758533, 1651078928758603, 70
80, 1651078928772441, 1651078928772589, 148
81, 1651078928787727, 1651078928787861, 134
82, 1651078928803240, 1651078928803373, 133
83, 1651078928821895, 1651078928822029, 134
84, 1651078928837156, 1651078928837293, 137
85, 1651078928852550, 1651078928852684, 134
86, 1651078928867966, 1651078928868101, 135
87, 1651078928883483, 1651078928883615, 132
88, 1651078928902154, 1651078928902290, 136
89, 1651078928917451, 1651078928917587, 136
90, 1651078928932801, 1651078928932934, 133
91, 1651078928948254, 1651078928948388, 134
92, 1651078928963766, 1651078928963899, 133
93, 1651078928982441, 1651078928982578, 137
94, 1651078928997749, 1651078928997887, 138
95, 1651078929020934, 1651078929021094, 160
96, 1651078929039468, 1651078929039609, 141
97, 1651078929054626, 1651078929054763, 137
98, 1651078929069812, 1651078929070676, 864
99, 1651078929083670, 1651078929083802, 132
100, 1651078929100759, 1651078929100895, 136
101, 1651078929116873, 1651078929117049, 176
102, 1651078929131893, 1651078929132029, 136
103, 1651078929146964, 1651078929147102, 138
104, 1651078929165047, 1651078929165181, 134
105, 1651078929179896, 1651078929179961, 65
106, 1651078929193867, 1651078929194000, 133
107, 1651078929208869, 1651078929208934, 65
108, 1651078929222943, 1651078929223078, 135
109, 1651078929241385, 1651078929241450, 65
110, 1651078929255325, 1651078929255389, 64
111, 1651078929269279, 1651078929269411, 132
112, 1651078929284290, 1651078929284354, 64
113, 1651078929298341, 1651078929298472, 131
114, 1651078929313504, 1651078929313570, 66
115, 1651078929330950, 1651078929331083, 133
116, 1651078929345888, 1651078929345952, 64
117, 1651078929359921, 1651078929360066, 145
118, 1651078929375022, 1651078929375157, 135
119, 1651078929390172, 1651078929390369, 197
120, 1651078929407547, 1651078929407722, 175
121, 1651078929424636, 1651078929424655, 19
122, 1651078929438739, 1651078929438757, 18
123, 1651078929452858, 1651078929452874, 16
124, 1651078929466789, 1651078929466806, 17
125, 1651078929480787, 1651078929480803, 16
126, 1651078929494699, 1651078929494716, 17
127, 1651078929508682, 1651078929508700, 18
128, 1651078929525649, 1651078929525667, 18
129, 1651078929539525, 1651078929539541, 16
130, 1651078929553419, 1651078929553436, 17
131, 1651078929567384, 1651078929567401, 17
132, 1651078929581364, 1651078929581382, 18
133, 1651078929595518, 1651078929595536, 18
134, 1651078929609252, 1651078929609267, 15
135, 1651078929623270, 1651078929623286, 16
136, 1651078929637304, 1651078929637320, 16
137, 1651078929651287, 1651078929651303, 16
138, 1651078929665312, 1651078929665329, 17
139, 1651078929679479, 1651078929679495, 16
140, 1651078929698775, 1651078929698791, 16
141, 1651078929713802, 1651078929713818, 16
142, 1651078929727616, 1651078929727634, 18
143, 1651078929741441, 1651078929741457, 16
144, 1651078929755343, 1651078929755358, 15
145, 1651078929772759, 1651078929772774, 15
146, 1651078929786332, 1651078929786348, 16
147, 1651078929800081, 1651078929800097, 16
148, 1651078929814029, 1651078929814045, 16
149, 1651078929827928, 1651078929827946, 18
150, 1651078929845219, 1651078929845234, 15
151, 1651078929858884, 1651078929858900, 16
152, 1651078929872752, 1651078929872800, 48
153, 1651078929886622, 1651078929886639, 17
154, 1651078929900515, 1651078929900539, 24
155, 1651078929917873, 1651078929917890, 17
156, 1651078929931540, 1651078929931558, 18
157, 1651078929945402, 1651078929945418, 16
158, 1651078929959218, 1651078929959234, 16
159, 1651078929973141, 1651078929973156, 15
160, 1651078929990496, 1651078929990512, 16
161, 1651078930004221, 1651078930004240, 19
162, 1651078930018108, 1651078930018125, 17
163, 1651078930032072, 1651078930032088, 16
164, 1651078930046020, 1651078930046038, 18
165, 1651078930063425, 1651078930063442, 17
166, 1651078930077166, 1651078930077182, 16
167, 1651078930091055, 1651078930091072, 17
168, 1651078930105003, 1651078930105018, 15
169, 1651078930118977, 1651078930118995, 18
170, 1651078930136355, 1651078930136370, 15
171, 1651078930150001, 1651078930150019, 18
172, 1651078930163731, 1651078930163746, 15
173, 1651078930177626, 1651078930177642, 16
174, 1651078930191510, 1651078930191526, 16
175, 1651078930208895, 1651078930208910, 15
176, 1651078930222552, 1651078930222568, 16
177, 1651078930236396, 1651078930236412, 16
178, 1651078930250207, 1651078930250224, 17
179, 1651078930264113, 1651078930264128, 15
180, 1651078930281377, 1651078930281392, 15
181, 1651078930295135, 1651078930295151, 16
182, 1651078930308874, 1651078930308890, 16
183, 1651078930322790, 1651078930322806, 16
184, 1651078930336707, 1651078930336722, 15
185, 1651078930354075, 1651078930354090, 15
186, 1651078930367761, 1651078930367779, 18
187, 1651078930381590, 1651078930381608, 18
188, 1651078930398937, 1651078930398953, 16
189, 1651078930417400, 1651078930417418, 18
190, 1651078930432519, 1651078930432545, 26
191, 1651078930447666, 1651078930447684, 18
192, 1651078930460865, 1651078930460976, 111
193, 1651078930474459, 1651078930474478, 19
194, 1651078930487698, 1651078930487716, 18
195, 1651078930500912, 1651078930500929, 17
196, 1651078930514136, 1651078930514154, 18
197, 1651078930527401, 1651078930527420, 19
198, 1651078930540650, 1651078930540758, 108
199, 1651078930554293, 1651078930554311, 18
200, 1651078930567586, 1651078930567604, 18
201, 1651078930582765, 1651078930582782, 17
202, 1651078930596051, 1651078930596159, 108
203, 1651078930609768, 1651078930609916, 148
204, 1651078930623525, 1651078930623633, 108
205, 1651078930637232, 1651078930637420, 188
206, 1651078930653973, 1651078930654080, 107
207, 1651078930667514, 1651078930667620, 106
208, 1651078930681085, 1651078930681221, 136
209, 1651078930694339, 1651078930694403, 64
210, 1651078930708171, 1651078930708303, 132
211, 1651078930721438, 1651078930721502, 64
212, 1651078930735282, 1651078930735413, 131
213, 1651078930748551, 1651078930748686, 135
214, 1651078930761848, 1651078930761917, 69
215, 1651078930775756, 1651078930775819, 63
216, 1651078930789816, 1651078930789878, 62
217, 1651078930803903, 1651078930803967, 64
218, 1651078930817954, 1651078930818020, 66
219, 1651078930832033, 1651078930832097, 64
220, 1651078930846101, 1651078930846164, 63
221, 1651078930860236, 1651078930860297, 61
222, 1651078930873906, 1651078930873972, 66
223, 1651078930887593, 1651078930887656, 63
224, 1651078930901731, 1651078930901793, 62
225, 1651078930915849, 1651078930915911, 62
226, 1651078930932892, 1651078930932959, 67
227, 1651078930946435, 1651078930946499, 64
228, 1651078930959987, 1651078930960049, 62
229, 1651078930973999, 1651078930974064, 65
230, 1651078930987996, 1651078930988061, 65
231, 1651078931001363, 1651078931001427, 64
232, 1651078931014740, 1651078931014802, 62
233, 1651078931028335, 1651078931028397, 62
234, 1651078931041981, 1651078931042046, 65
235, 1651078931055596, 1651078931055661, 65
236, 1651078931069649, 1651078931069710, 61
237, 1651078931083733, 1651078931083794, 61
238, 1651078931097798, 1651078931097861, 63
239, 1651078931111929, 1651078931111991, 62
240, 1651078931126013, 1651078931126074, 61
241, 1651078931139712, 1651078931139772, 60
242, 1651078931153393, 1651078931153459, 66
243, 1651078931167082, 1651078931167147, 65
244, 1651078931180804, 1651078931180866, 62
245, 1651078931194510, 1651078931194572, 62
246, 1651078931211528, 1651078931211593, 65
247, 1651078931225096, 1651078931225159, 63
248, 1651078931238656, 1651078931238719, 63
249, 1651078931252206, 1651078931252268, 62
250, 1651078931265797, 1651078931265862, 65
251, 1651078931279373, 1651078931279434, 61
252, 1651078931293381, 1651078931293443, 62
253, 1651078931307429, 1651078931307567, 138
254, 1651078931320724, 1651078931320820, 96
255, 1651078931334672, 1651078931334808, 136
256, 1651078931347985, 1651078931348049, 64
257, 1651078931361903, 1651078931362035, 132
258, 1651078931375237, 1651078931375370, 133
259, 1651078931388598, 1651078931388662, 64
260, 1651078931402510, 1651078931402573, 63
261, 1651078931416464, 1651078931416527, 63
262, 1651078931430448, 1651078931430583, 135
263, 1651078931443914, 1651078931443977, 63
264, 1651078931457941, 1651078931458075, 134
265, 1651078931471418, 1651078931471481, 63
266, 1651078931488766, 1651078931488829, 63
267, 1651078931502673, 1651078931502806, 133
268, 1651078931515936, 1651078931515997, 61
269, 1651078931529761, 1651078931529892, 131
270, 1651078931543001, 1651078931543134, 133
271, 1651078931556278, 1651078931556340, 62
272, 1651078931570097, 1651078931570230, 133
273, 1651078931583396, 1651078931583458, 62
274, 1651078931597236, 1651078931597370, 134
275, 1651078931610556, 1651078931610618, 62
276, 1651078931624419, 1651078931624572, 153
277, 1651078931637777, 1651078931637841, 64
278, 1651078931651661, 1651078931651792, 131
279, 1651078931665022, 1651078931665086, 64
280, 1651078931682418, 1651078931682556, 138
281, 1651078931696550, 1651078931696685, 135
282, 1651078931710669, 1651078931710803, 134
283, 1651078931724817, 1651078931724879, 62
284, 1651078931742051, 1651078931742186, 135
285, 1651078931756032, 1651078931756119, 87
286, 1651078931772948, 1651078931773019, 71
287, 1651078931786834, 1651078931786969, 135
288, 1651078931800095, 1651078931800228, 133
289, 1651078931813363, 1651078931813496, 133
290, 1651078931826666, 1651078931826727, 61
291, 1651078931840516, 1651078931840660, 144
292, 1651078931853821, 1651078931853885, 64
293, 1651078931867698, 1651078931867764, 66
294, 1651078931881714, 1651078931881777, 63
295, 1651078931895759, 1651078931895821, 62
296, 1651078931909041, 1651078931909106, 65
297, 1651078931923081, 1651078931923145, 64
298, 1651078931937036, 1651078931937098, 62
299, 1651078931950967, 1651078931951030, 63
300, 1651078931965032, 1651078931965096, 64
301, 1651078931979129, 1651078931979193, 64
302, 1651078931995737, 1651078931995800, 63
303, 1651078932009647, 1651078932009708, 61
304, 1651078932023587, 1651078932023651, 64
305, 1651078932038191, 1651078932038289, 98
306, 1651078932052195, 1651078932052258, 63
307, 1651078932066853, 1651078932066916, 63
308, 1651078932080053, 1651078932080119, 66
309, 1651078932093271, 1651078932093334, 63
310, 1651078932106498, 1651078932106560, 62
311, 1651078932119764, 1651078932119826, 62
312, 1651078932133789, 1651078932133852, 63
313, 1651078932147078, 1651078932147141, 63
314, 1651078932161120, 1651078932161181, 61
315, 1651078932175168, 1651078932175230, 62
316, 1651078932188485, 1651078932188560, 75
317, 1651078932201792, 1651078932201854, 62
318, 1651078932215094, 1651078932215155, 61
319, 1651078932228437, 1651078932228500, 63
320, 1651078932245072, 1651078932245134, 62
321, 1651078932258216, 1651078932258278, 62
322, 1651078932271389, 1651078932271454, 65
323, 1651078932286072, 1651078932286136, 64
324, 1651078932300823, 1651078932300886, 63
325, 1651078932315589, 1651078932315722, 133
326, 1651078932328880, 1651078932328947, 67
327, 1651078932343710, 1651078932343775, 65
328, 1651078932358570, 1651078932358705, 135
329, 1651078932371946, 1651078932372010, 64
330, 1651078932386876, 1651078932386938, 62
331, 1651078932401884, 1651078932402017, 133
332, 1651078932415279, 1651078932415342, 63
333, 1651078932433439, 1651078932433507, 68
334, 1651078932448133, 1651078932448196, 63
335, 1651078932462887, 1651078932462950, 63
336, 1651078932477648, 1651078932477712, 64
337, 1651078932492445, 1651078932492510, 65
338, 1651078932507330, 1651078932507397, 67
339, 1651078932522215, 1651078932522278, 63
340, 1651078932537160, 1651078932537223, 63
341, 1651078932552113, 1651078932552176, 63
342, 1651078932567138, 1651078932567201, 63
343, 1651078932585271, 1651078932585334, 63
344, 1651078932600001, 1651078932600066, 65
345, 1651078932614727, 1651078932614861, 134
346, 1651078932628000, 1651078932628132, 132
347, 1651078932641314, 1651078932641380, 66
348, 1651078932656114, 1651078932656176, 62
349, 1651078932670971, 1651078932670991, 20
350, 1651078932684960, 1651078932685065, 105
351, 1651078932699033, 1651078932699134, 101
352, 1651078932713079, 1651078932713097, 18
353, 1651078932727118, 1651078932727220, 102
354, 1651078932741181, 1651078932741199, 18
355, 1651078932755209, 1651078932755227, 18
356, 1651078932769280, 1651078932769299, 19
357, 1651078932783330, 1651078932783382, 52
358, 1651078932800774, 1651078932800791, 17
359, 1651078932814672, 1651078932814690, 18
360, 1651078932828545, 1651078932828646, 101
361, 1651078932842487, 1651078932842506, 19
362, 1651078932856421, 1651078932856524, 103
363, 1651078932870458, 1651078932870476, 18
364, 1651078932884458, 1651078932884570, 112
365, 1651078932898547, 1651078932898566, 19
366, 1651078932912546, 1651078932912646, 100
367, 1651078932926659, 1651078932926677, 18
368, 1651078932940691, 1651078932940709, 18
369, 1651078932954765, 1651078932954867, 102
370, 1651078932968797, 1651078932968816, 19
371, 1651078932982807, 1651078932982825, 18
372, 1651078932999310, 1651078932999412, 102
373, 1651078933020656, 1651078933020675, 19
374, 1651078933034523, 1651078933034625, 102
375, 1651078933047631, 1651078933047649, 18
376, 1651078933061555, 1651078933061655, 100
377, 1651078933074676, 1651078933074775, 99
378, 1651078933087846, 1651078933087912, 66
379, 1651078933101405, 1651078933101472, 67
380, 1651078933115679, 1651078933115747, 68
381, 1651078933129280, 1651078933129346, 66
382, 1651078933142889, 1651078933142955, 66
383, 1651078933156503, 1651078933156582, 79
384, 1651078933170172, 1651078933170238, 66
385, 1651078933183833, 1651078933183898, 65
386, 1651078933197469, 1651078933197536, 67
387, 1651078933211121, 1651078933211189, 68
388, 1651078933224791, 1651078933224857, 66
389, 1651078933238499, 1651078933238578, 79
390, 1651078933252226, 1651078933252486, 260
391, 1651078933270850, 1651078933270925, 75
392, 1651078933284450, 1651078933284519, 69
393, 1651078933298020, 1651078933298088, 68
394, 1651078933311607, 1651078933311673, 66
395, 1651078933325174, 1651078933325243, 69
396, 1651078933338765, 1651078933338829, 64
397, 1651078933352379, 1651078933352445, 66
398, 1651078933365988, 1651078933366056, 68
399, 1651078933379598, 1651078933379666, 68
400, 1651078933393211, 1651078933393276, 65
401, 1651078933406859, 1651078933406928, 69
402, 1651078933420497, 1651078933420769, 272
403, 1651078933435746, 1651078933435856, 110
404, 1651078933449048, 1651078933449067, 19
405, 1651078933463110, 1651078933463212, 102
406, 1651078933476373, 1651078933476472, 99
407, 1651078933489685, 1651078933489703, 18
408, 1651078933503741, 1651078933503889, 148
409, 1651078933517085, 1651078933517228, 143
410, 1651078933533799, 1651078933533940, 141
411, 1651078933546997, 1651078933547136, 139
412, 1651078933560198, 1651078933560337, 139
413, 1651078933573443, 1651078933573584, 141
414, 1651078933586673, 1651078933586812, 139
415, 1651078933599904, 1651078933600040, 136
416, 1651078933613170, 1651078933613309, 139
417, 1651078933626422, 1651078933626594, 172
418, 1651078933641006, 1651078933641143, 137
419, 1651078933654308, 1651078933654446, 138
420, 1651078933667596, 1651078933667735, 139
421, 1651078933680892, 1651078933681032, 140
422, 1651078933694226, 1651078933694367, 141
423, 1651078933707549, 1651078933707688, 139
424, 1651078933720876, 1651078933721013, 137
425, 1651078933734236, 1651078933734373, 137
426, 1651078933747581, 1651078933747720, 139
427, 1651078933760936, 1651078933761112, 176
428, 1651078933780948, 1651078933781094, 146
429, 1651078933794954, 1651078933795097, 143
430, 1651078933808933, 1651078933809073, 140
431, 1651078933822916, 1651078933823056, 140
432, 1651078933836936, 1651078933837074, 138
433, 1651078933850936, 1651078933851079, 143
434, 1651078933864981, 1651078933865125, 144
435, 1651078933879002, 1651078933879141, 139
436, 1651078933893037, 1651078933893179, 142
437, 1651078933907058, 1651078933907198, 140
438, 1651078933921119, 1651078933921257, 138
439, 1651078933935158, 1651078933935300, 142
440, 1651078933949210, 1651078933949350, 140
441, 1651078933963296, 1651078933963435, 139
442, 1651078933977365, 1651078933977502, 137
443, 1651078933991472, 1651078933991610, 138
444, 1651078934005572, 1651078934005713, 141
445, 1651078934019714, 1651078934019856, 142
446, 1651078934033838, 1651078934033977, 139
447, 1651078934051330, 1651078934051473, 143
448, 1651078934065288, 1651078934065427, 139
449, 1651078934079254, 1651078934079392, 138
450, 1651078934093255, 1651078934093394, 139
451, 1651078934107239, 1651078934107380, 141
452, 1651078934121267, 1651078934121331, 64
453, 1651078934135518, 1651078934135582, 64
454, 1651078934149600, 1651078934149666, 66
455, 1651078934163664, 1651078934163731, 67
456, 1651078934177766, 1651078934177832, 66
457, 1651078934191848, 1651078934191913, 65
458, 1651078934205935, 1651078934206149, 214
459, 1651078934220240, 1651078934220423, 183
460, 1651078934234374, 1651078934234514, 140
461, 1651078934248478, 1651078934248703, 225
462, 1651078934262440, 1651078934262643, 203
463, 1651078934276424, 1651078934276444, 20
464, 1651078934291292, 1651078934291430, 138
465, 1651078934315902, 1651078934315922, 20
466, 1651078934329816, 1651078934330023, 207
467, 1651078934343483, 1651078934343550, 67
468, 1651078934358254, 1651078934358319, 65
469, 1651078934373019, 1651078934373081, 62
470, 1651078934387894, 1651078934387955, 61
471, 1651078934404901, 1651078934405035, 134
472, 1651078934418582, 1651078934418781, 199
473, 1651078934432265, 1651078934432465, 200
474, 1651078934446056, 1651078934446252, 196
475, 1651078934459854, 1651078934460050, 196
476, 1651078934473697, 1651078934473716, 19
477, 1651078934487465, 1651078934487662, 197
478, 1651078934501376, 1651078934501395, 19
479, 1651078934515187, 1651078934515383, 196
480, 1651078934529114, 1651078934529133, 19
481, 1651078934734247, 1651078934734359, 112
482, 1651078934748050, 1651078934748069, 19
483, 1651078934761560, 1651078934761578, 18
484, 1651078934775126, 1651078934775144, 18
485, 1651078934788694, 1651078934788712, 18
486, 1651078934802352, 1651078934802549, 197
487, 1651078934816068, 1651078934816087, 19
488, 1651078934829717, 1651078934829735, 18
489, 1651078934843397, 1651078934843593, 196
490, 1651078934857211, 1651078934857230, 19
491, 1651078934874285, 1651078934874303, 18
492, 1651078934888176, 1651078934888373, 197
493, 1651078934901903, 1651078934902101, 198
494, 1651078934915636, 1651078934915654, 18
495, 1651078934929295, 1651078934929491, 196
496, 1651078934943086, 1651078934943104, 18
497, 1651078934956809, 1651078934957005, 196
498, 1651078934970681, 1651078934970700, 19
499, 1651078934984468, 1651078934984485, 17
500, 1651078935004870, 1651078935004889, 19
501, 1651078935019864, 1651078935019974, 110
502, 1651078935033706, 1651078935033725, 19
503, 1651078935047230, 1651078935047248, 18
504, 1651078935060781, 1651078935060798, 17
505, 1651078935074354, 1651078935074372, 18
506, 1651078935087956, 1651078935088152, 196
507, 1651078935101714, 1651078935101913, 199
508, 1651078935115479, 1651078935115497, 18
509, 1651078935129187, 1651078935129384, 197
510, 1651078935143002, 1651078935143055, 53
511, 1651078935156823, 1651078935157024, 201
512, 1651078935174002, 1651078935174199, 197
513, 1651078935187714, 1651078935187906, 192
514, 1651078935201443, 1651078935201461, 18
515, 1651078935215112, 1651078935215305, 193
516, 1651078935228929, 1651078935228947, 18
517, 1651078935242669, 1651078935242868, 199
518, 1651078935256547, 1651078935256566, 19
519, 1651078935274717, 1651078935274826, 109
520, 1651078935288691, 1651078935288796, 105
521, 1651078935302664, 1651078935302684, 20
522, 1651078935318472, 1651078935318682, 210
523, 1651078935332110, 1651078935332312, 202
524, 1651078935345760, 1651078935345956, 196
525, 1651078935359461, 1651078935359655, 194
526, 1651078935373140, 1651078935373273, 133
527, 1651078935386874, 1651078935386935, 61
528, 1651078935401637, 1651078935401770, 133
529, 1651078935415440, 1651078935415502, 62
530, 1651078935430314, 1651078935430445, 131
531, 1651078935446285, 1651078935446417, 132
532, 1651078935459975, 1651078935460106, 131
533, 1651078935473720, 1651078935473782, 62
534, 1651078935488476, 1651078935488548, 72
535, 1651078935503315, 1651078935503378, 63
536, 1651078935518176, 1651078935518307, 131
537, 1651078935532063, 1651078935532124, 61
538, 1651078935548041, 1651078935548171, 130
539, 1651078935563913, 1651078935563976, 63
540, 1651078935578436, 1651078935578565, 129
541, 1651078935592083, 1651078935592145, 62
542, 1651078935606742, 1651078935606802, 60
543, 1651078935621465, 1651078935621600, 135
544, 1651078935635194, 1651078935635256, 62
545, 1651078935650028, 1651078935650159, 131
546, 1651078935663808, 1651078935663938, 130
547, 1651078935679754, 1651078935679816, 62
548, 1651078935694353, 1651078935694483, 130
549, 1651078935708079, 1651078935708141, 62
550, 1651078935722809, 1651078935722939, 130
551, 1651078935736548, 1651078935736611, 63
552, 1651078935751367, 1651078935751429, 62
553, 1651078935766275, 1651078935766406, 131
554, 1651078935780136, 1651078935780196, 60
555, 1651078935798454, 1651078935798519, 65
556, 1651078935813144, 1651078935813271, 127
557, 1651078935843260, 1651078935843424, 164
558, 1651078935862571, 1651078935862635, 64
559, 1651078935876744, 1651078935876876, 132
560, 1651078935891525, 1651078935891658, 133
561, 1651078935906418, 1651078935906595, 177
562, 1651078935924504, 1651078935924580, 76
563, 1651078935938694, 1651078935938759, 65
564, 1651078935952938, 1651078935953070, 132
565, 1651078935967688, 1651078935967818, 130
566, 1651078935982436, 1651078935982497, 61
567, 1651078935996668, 1651078935996730, 62
568, 1651078936013078, 1651078936013239, 161
569, 1651078936035361, 1651078936035495, 134
570, 1651078936049083, 1651078936049104, 21
571, 1651078936063047, 1651078936063248, 201
572, 1651078936076903, 1651078936076921, 18
573, 1651078936090952, 1651078936090970, 18
574, 1651078936105066, 1651078936105263, 197
575, 1651078936122403, 1651078936122511, 108
576, 1651078936136917, 1651078936137051, 134
577, 1651078936150734, 1651078936150865, 131
578, 1651078936164635, 1651078936164696, 61
579, 1651078936179140, 1651078936179270, 130
580, 1651078936193188, 1651078936193254, 66
581, 1651078936210077, 1651078936210211, 134
582, 1651078936223903, 1651078936224034, 131
583, 1651078936237765, 1651078936237828, 63
584, 1651078936252282, 1651078936252347, 65
585, 1651078936266864, 1651078936266926, 62
586, 1651078936281552, 1651078936281684, 132
587, 1651078936298842, 1651078936298973, 131
588, 1651078936313761, 1651078936313823, 62
589, 1651078936328082, 1651078936328143, 61
590, 1651078936342516, 1651078936342576, 60
591, 1651078936357007, 1651078936357074, 67
592, 1651078936373848, 1651078936373979, 131
593, 1651078936387575, 1651078936387704, 129
594, 1651078936401383, 1651078936401444, 61
595, 1651078936415803, 1651078936415866, 63
596, 1651078936430335, 1651078936430465, 130
597, 1651078936444352, 1651078936444485, 133
598, 1651078936461759, 1651078936461821, 62
599, 1651078936476098, 1651078936476229, 131
600, 1651078936489986, 1651078936490046, 60
601, 1651078936504473, 1651078936504613, 140
602, 1651078936518544, 1651078936518605, 61
603, 1651078936533181, 1651078936533246, 65
604, 1651078936551058, 1651078936551119, 61
605, 1651078936565489, 1651078936565620, 131
606, 1651078936579439, 1651078936579501, 62
607, 1651078936594023, 1651078936594154, 131
608, 1651078936609118, 1651078936609250, 132
609, 1651078936625294, 1651078936625426, 132
610, 1651078936638990, 1651078936639192, 202
611, 1651078936652729, 1651078936652923, 194
612, 1651078936666557, 1651078936666752, 195
613, 1651078936680418, 1651078936680669, 251
614, 1651078936694428, 1651078936694623, 195
615, 1651078936708417, 1651078936708626, 209
616, 1651078936725795, 1651078936725815, 20
617, 1651078936739697, 1651078936739893, 196
618, 1651078936753522, 1651078936753540, 18
619, 1651078936767581, 1651078936767779, 198
620, 1651078936781544, 1651078936781736, 192
621, 1651078936795595, 1651078936795614, 19
622, 1651078936809817, 1651078936810051, 234
623, 1651078936826422, 1651078936826440, 18
624, 1651078936840432, 1651078936840638, 206
625, 1651078936854410, 1651078936854603, 193
626, 1651078936868410, 1651078936868752, 342
627, 1651078936886277, 1651078936886296, 19
628, 1651078936903050, 1651078936903253, 203
629, 1651078936917952, 1651078936918144, 192
630, 1651078936931688, 1651078936931884, 196
631, 1651078936945519, 1651078936945712, 193
632, 1651078936959387, 1651078936959406, 19
633, 1651078936973445, 1651078936973463, 18
634, 1651078936987580, 1651078936987599, 19
635, 1651078937003877, 1651078937004111, 234
636, 1651078937020415, 1651078937020524, 109
637, 1651078937035040, 1651078937035058, 18
638, 1651078937049085, 1651078937049280, 195
639, 1651078937063067, 1651078937063266, 199
640, 1651078937077142, 1651078937077161, 19
641, 1651078937091380, 1651078937091398, 18
642, 1651078937108027, 1651078937108046, 19
643, 1651078937122617, 1651078937122810, 193
644, 1651078937139717, 1651078937139913, 196
645, 1651078937153554, 1651078937153572, 18
646, 1651078937167620, 1651078937167816, 196
647, 1651078937181638, 1651078937181831, 193
648, 1651078937199051, 1651078937199070, 19
649, 1651078937216547, 1651078937216565, 18
650, 1651078937236411, 1651078937236429, 18
651, 1651078937254502, 1651078937254518, 16
652, 1651078937268889, 1651078937268996, 107
653, 1651078937283613, 1651078937283811, 198
654, 1651078937300953, 1651078937301156, 203
655, 1651078937317196, 1651078937317215, 19
656, 1651078937330865, 1651078937330882, 17
657, 1651078937344547, 1651078937344742, 195
658, 1651078937358476, 1651078937358494, 18
659, 1651078937372342, 1651078937372549, 207
660, 1651078937386432, 1651078937386451, 19
661, 1651078937400427, 1651078937400641, 214
662, 1651078937417964, 1651078937418164, 200
663, 1651078937431850, 1651078937432044, 194
664, 1651078937445838, 1651078937445889, 51
665, 1651078937459777, 1651078937459971, 194
666, 1651078937473869, 1651078937473887, 18
667, 1651078937487894, 1651078937487912, 18
668, 1651078937501987, 1651078937502005, 18
669, 1651078937519282, 1651078937519300, 18
670, 1651078937533386, 1651078937533494, 108
671, 1651078937548056, 1651078937548074, 18
672, 1651078937562016, 1651078937562035, 19
673, 1651078937576038, 1651078937576055, 17
674, 1651078937593947, 1651078937594056, 109
675, 1651078937611018, 1651078937611217, 199
676, 1651078937624846, 1651078937625041, 195
677, 1651078937638733, 1651078937638752, 19
678, 1651078937652548, 1651078937652745, 197
679, 1651078937666569, 1651078937666764, 195
680, 1651078937680679, 1651078937680698, 19
681, 1651078937694693, 1651078937694888, 195
682, 1651078937712229, 1651078937712427, 198
683, 1651078937726135, 1651078937726328, 193
684, 1651078937740129, 1651078937740148, 19
685, 1651078937754030, 1651078937754048, 18
686, 1651078937767997, 1651078937768015, 18
687, 1651078937782030, 1651078937782048, 18
688, 1651078937796127, 1651078937796145, 18
689, 1651078937813425, 1651078937813622, 197
690, 1651078937827415, 1651078937827434, 19
691, 1651078937841362, 1651078937841558, 196
692, 1651078937855484, 1651078937855666, 182
693, 1651078937873336, 1651078937873355, 19
694, 1651078937887565, 1651078937887762, 197
695, 1651078937903837, 1651078937904029, 192
696, 1651078937917665, 1651078937917861, 196
697, 1651078937931565, 1651078937931583, 18
698, 1651078937945390, 1651078937945408, 18
699, 1651078937959269, 1651078937959288, 19
700, 1651078937973233, 1651078937973427, 194
701, 1651078937987373, 1651078937987568, 195
702, 1651078938004908, 1651078938005107, 199
703, 1651078938018815, 1651078938019017, 202
704, 1651078938032817, 1651078938032836, 19
705, 1651078938046715, 1651078938046733, 18
706, 1651078938060677, 1651078938060695, 18
707, 1651078938074712, 1651078938074730, 18
708, 1651078938088815, 1651078938089013, 198
709, 1651078938106264, 1651078938106525, 261
710, 1651078938128363, 1651078938128473, 110
711, 1651078938142856, 1651078938142961, 105
712, 1651078938157417, 1651078938157549, 132
713, 1651078938171460, 1651078938171525, 65
714, 1651078938186026, 1651078938186158, 132
715, 1651078938203330, 1651078938203482, 152
716, 1651078938217856, 1651078938217876, 20
717, 1651078938232408, 1651078938232426, 18
718, 1651078938246311, 1651078938246533, 222
719, 1651078938260449, 1651078938260468, 19
720, 1651078938274491, 1651078938274509, 18
721, 1651078938290791, 1651078938290809, 18
722, 1651078938305299, 1651078938305318, 19
723, 1651078938319897, 1651078938320094, 197
724, 1651078938333936, 1651078938334131, 195
725, 1651078938348038, 1651078938348236, 198
726, 1651078938362212, 1651078938362406, 194
727, 1651078938376445, 1651078938376463, 18
728, 1651078938397275, 1651078938397291, 16
729, 1651078938412941, 1651078938412958, 17
730, 1651078938427487, 1651078938427505, 18
731, 1651078938442073, 1651078938442091, 18
732, 1651078938456753, 1651078938456770, 17
733, 1651078938471462, 1651078938471480, 18
734, 1651078938488371, 1651078938488388, 17
735, 1651078938504053, 1651078938504071, 18
736, 1651078938518586, 1651078938518605, 19
737, 1651078938533208, 1651078938533226, 18
738, 1651078938547899, 1651078938547917, 18
739, 1651078938562727, 1651078938562745, 18
740, 1651078938577591, 1651078938577608, 17
741, 1651078938599213, 1651078938599231, 18
742, 1651078938617673, 1651078938617688, 15
743, 1651078938635278, 1651078938635296, 18
744, 1651078938653346, 1651078938653364, 18
745, 1651078938667911, 1651078938667930, 19
746, 1651078938682406, 1651078938682424, 18
747, 1651078938696945, 1651078938697046, 101
748, 1651078938711189, 1651078938711290, 101
749, 1651078938725405, 1651078938725424, 19
750, 1651078938739998, 1651078938740016, 18
751, 1651078938754586, 1651078938754687, 101
752, 1651078938768852, 1651078938768953, 101
753, 1651078938783161, 1651078938783180, 19
754, 1651078938797799, 1651078938797900, 101
755, 1651078938812120, 1651078938812139, 19
756, 1651078938826822, 1651078938826840, 18
757, 1651078938841550, 1651078938841651, 101
758, 1651078938855932, 1651078938856031, 99
759, 1651078938870350, 1651078938870368, 18
760, 1651078938890312, 1651078938890413, 101
761, 1651078938905575, 1651078938905594, 19
762, 1651078938920044, 1651078938920144, 100
763, 1651078938934158, 1651078938934177, 19
764, 1651078938948628, 1651078938948643, 15
765, 1651078938963237, 1651078938963255, 18
766, 1651078938977853, 1651078938977902, 49
767, 1651078938992525, 1651078938992549, 24
768, 1651078939007180, 1651078939007198, 18
769, 1651078939021817, 1651078939021835, 18
770, 1651078939036487, 1651078939036504, 17
771, 1651078939051204, 1651078939051222, 18
772, 1651078939065900, 1651078939065918, 18
773, 1651078939080619, 1651078939080634, 15
774, 1651078939095381, 1651078939095399, 18
775, 1651078939110160, 1651078939110178, 18
776, 1651078939124927, 1651078939124945, 18
777, 1651078939139748, 1651078939139765, 17
778, 1651078939154553, 1651078939154571, 18
779, 1651078939169380, 1651078939169398, 18
780, 1651078939189446, 1651078939189461, 15
781, 1651078939205130, 1651078939205148, 18
782, 1651078939219641, 1651078939219659, 18
783, 1651078939234194, 1651078939234213, 19
784, 1651078939248773, 1651078939248790, 17
785, 1651078939263343, 1651078939263360, 17
786, 1651078939277948, 1651078939277965, 17
787, 1651078939292548, 1651078939292566, 18
788, 1651078939307171, 1651078939307188, 17
789, 1651078939321833, 1651078939321851, 18
790, 1651078939336486, 1651078939336503, 17
791, 1651078939351177, 1651078939351194, 17
792, 1651078939365890, 1651078939365907, 17
793, 1651078939380629, 1651078939380646, 17
794, 1651078939395361, 1651078939395377, 16
795, 1651078939410140, 1651078939410157, 17
796, 1651078939424914, 1651078939424931, 17
797, 1651078939439700, 1651078939439718, 18
798, 1651078939454529, 1651078939454546, 17
799, 1651078939469360, 1651078939469378, 18
800, 1651078939489398, 1651078939489416, 18
801, 1651078939505112, 1651078939505130, 18
802, 1651078939519653, 1651078939519670, 17
803, 1651078939534207, 1651078939534224, 17
804, 1651078939548778, 1651078939548796, 18
805, 1651078939563352, 1651078939563370, 18
806, 1651078939577940, 1651078939577957, 17
807, 1651078939592548, 1651078939592564, 16
808, 1651078939606826, 1651078939606842, 16
809, 1651078939621113, 1651078939621130, 17
810, 1651078939635447, 1651078939635465, 18
811, 1651078939649797, 1651078939649814, 17
812, 1651078939664146, 1651078939664164, 18
813, 1651078939678547, 1651078939678565, 18
814, 1651078939692935, 1651078939692952, 17
815, 1651078939707343, 1651078939707361, 18
816, 1651078939721792, 1651078939721809, 17
817, 1651078939736232, 1651078939736280, 48
818, 1651078939750762, 1651078939750778, 16
819, 1651078939765287, 1651078939765305, 18
820, 1651078939785025, 1651078939785043, 18
821, 1651078939800370, 1651078939800387, 17
822, 1651078939814587, 1651078939814603, 16
823, 1651078939829001, 1651078939829018, 17
824, 1651078939843549, 1651078939843565, 16
825, 1651078939858139, 1651078939858158, 19
826, 1651078939872728, 1651078939872746, 18
827, 1651078939887341, 1651078939887359, 18
828, 1651078939901991, 1651078939902008, 17
829, 1651078939916658, 1651078939916675, 17
830, 1651078939931325, 1651078939931342, 17
831, 1651078939946027, 1651078939946045, 18
832, 1651078939960724, 1651078939960741, 17
833, 1651078939979239, 1651078939979257, 18
834, 1651078940001626, 1651078940001642, 16
835, 1651078940016214, 1651078940016232, 18
836, 1651078940034818, 1651078940034835, 17
837, 1651078940049262, 1651078940049280, 18
838, 1651078940063667, 1651078940063684, 17
839, 1651078940078086, 1651078940078104, 18
840, 1651078940094665, 1651078940094683, 18
841, 1651078940110122, 1651078940110140, 18
842, 1651078940124409, 1651078940124428, 19
843, 1651078940138682, 1651078940138785, 103
844, 1651078940153697, 1651078940153716, 19
845, 1651078940167994, 1651078940168096, 102
846, 1651078940183078, 1651078940183180, 102
847, 1651078940198181, 1651078940198199, 18
848, 1651078940212539, 1651078940212554, 15
849, 1651078940226972, 1651078940226990, 18
850, 1651078940241414, 1651078940241432, 18
851, 1651078940263250, 1651078940263266, 16
852, 1651078940277321, 1651078940277339, 18
853, 1651078940291365, 1651078940291383, 18
854, 1651078940305428, 1651078940305446, 18
855, 1651078940319547, 1651078940319565, 18
856, 1651078940333615, 1651078940333633, 18
857, 1651078940347727, 1651078940347745, 18
858, 1651078940361890, 1651078940361907, 17
859, 1651078940376044, 1651078940376062, 18
860, 1651078940390203, 1651078940390222, 19
861, 1651078940404395, 1651078940404413, 18
862, 1651078940418584, 1651078940418602, 18
863, 1651078940433689, 1651078940433707, 18
864, 1651078940447973, 1651078940447991, 18
865, 1651078940462174, 1651078940462190, 16
866, 1651078940476341, 1651078940476358, 17
867, 1651078940490534, 1651078940490552, 18
868, 1651078940507979, 1651078940507994, 15
869, 1651078940521969, 1651078940522015, 46
870, 1651078940536047, 1651078940536065, 18
871, 1651078940550055, 1651078940550073, 18
872, 1651078940563883, 1651078940563902, 19
873, 1651078940577775, 1651078940577794, 19
874, 1651078940591053, 1651078940591071, 18
875, 1651078940604337, 1651078940604356, 19
876, 1651078940617626, 1651078940617836, 210
877, 1651078940631084, 1651078940631286, 202
878, 1651078940644548, 1651078940644566, 18
879, 1651078940657871, 1651078940657891, 20
880, 1651078940671213, 1651078940671413, 200
881, 1651078940684730, 1651078940684925, 195
882, 1651078940698227, 1651078940698246, 19
883, 1651078940711599, 1651078940711798, 199
884, 1651078940725146, 1651078940725165, 19
885, 1651078940738531, 1651078940738547, 16
886, 1651078940752493, 1651078940752512, 19
887, 1651078940766505, 1651078940766521, 16
888, 1651078940783205, 1651078940783223, 18
889, 1651078940796446, 1651078940796464, 18
890, 1651078940809732, 1651078940809750, 18
891, 1651078940823583, 1651078940823602, 19
892, 1651078940837442, 1651078940837461, 19
893, 1651078940851283, 1651078940851299, 16
894, 1651078940865131, 1651078940865148, 17
895, 1651078940878422, 1651078940878441, 19
896, 1651078940891733, 1651078940891930, 197
897, 1651078940905217, 1651078940905279, 62
898, 1651078940918285, 1651078940918347, 62
899, 1651078940931362, 1651078940931427, 65
900, 1651078940944482, 1651078940944555, 73
901, 1651078940957586, 1651078940957647, 61
902, 1651078940970704, 1651078940970767, 63
903, 1651078940983819, 1651078940983950, 131
904, 1651078940997331, 1651078940997462, 131
905, 1651078941010849, 1651078941010913, 64
906, 1651078941023997, 1651078941024058, 61
907, 1651078941037146, 1651078941037277, 131
908, 1651078941053985, 1651078941054046, 61
909, 1651078941066998, 1651078941067060, 62
910, 1651078941079991, 1651078941080055, 64
911, 1651078941092997, 1651078941093061, 64
912, 1651078941106004, 1651078941106065, 61
913, 1651078941119027, 1651078941119156, 129
914, 1651078941132442, 1651078941132582, 140
915, 1651078941145908, 1651078941146039, 131
916, 1651078941159348, 1651078941159477, 129
917, 1651078941172792, 1651078941172811, 19
918, 1651078941186147, 1651078941186166, 19
919, 1651078941199482, 1651078941199500, 18
920, 1651078941212856, 1651078941212904, 48
921, 1651078941226246, 1651078941226445, 199
922, 1651078941239747, 1651078941239766, 19
923, 1651078941253114, 1651078941253307, 193
924, 1651078941266671, 1651078941266731, 60
925, 1651078941279798, 1651078941279861, 63
926, 1651078941312649, 1651078941312716, 67
927, 1651078941326342, 1651078941326405, 63
928, 1651078941340060, 1651078941340125, 65
929, 1651078941367725, 1651078941367788, 63
930, 1651078941383411, 1651078941383472, 61
931, 1651078941398005, 1651078941398069, 64
932, 1651078941412644, 1651078941412708, 64
933, 1651078941427355, 1651078941427417, 62
934, 1651078941442157, 1651078941442220, 63
935, 1651078941456995, 1651078941457126, 131
936, 1651078941470909, 1651078941471037, 128
937, 1651078941484634, 1651078941484763, 129
938, 1651078941499425, 1651078941499555, 130
939, 1651078941513045, 1651078941513106, 61
940, 1651078941527597, 1651078941527659, 62
941, 1651078941542236, 1651078941542296, 60
942, 1651078941556942, 1651078941557078, 136
943, 1651078941570703, 1651078941570765, 62
944, 1651078941585518, 1651078941585649, 131
945, 1651078941602658, 1651078941602719, 61
946, 1651078941617216, 1651078941617280, 64
947, 1651078941631813, 1651078941631945, 132
948, 1651078941645587, 1651078941645649, 62
949, 1651078941660302, 1651078941660364, 62
950, 1651078941675106, 1651078941675235, 129
951, 1651078941688944, 1651078941689005, 61
952, 1651078941706042, 1651078941706172, 130
953, 1651078941719767, 1651078941719897, 130
954, 1651078941733545, 1651078941733609, 64
955, 1651078941748215, 1651078941748276, 61
956, 1651078941763005, 1651078941763133, 128
957, 1651078941776850, 1651078941777049, 199
958, 1651078941791772, 1651078941791901, 129
959, 1651078941805495, 1651078941805557, 62
960, 1651078941820269, 1651078941820398, 129
961, 1651078941837413, 1651078941837476, 63
962, 1651078941852005, 1651078941852133, 128
963, 1651078941865724, 1651078941865853, 129
964, 1651078941879472, 1651078941879536, 64
965, 1651078941894218, 1651078941894282, 64
966, 1651078941909033, 1651078941909161, 128
967, 1651078941922834, 1651078941922963, 129
968, 1651078941936640, 1651078941936702, 62
969, 1651078941954796, 1651078941954929, 133
970, 1651078941968489, 1651078941968630, 141
971, 1651078941982216, 1651078941982387, 171
972, 1651078941995999, 1651078941996132, 133
973, 1651078942009802, 1651078942009864, 62
974, 1651078942024552, 1651078942024615, 63
975, 1651078942039376, 1651078942039437, 61
976, 1651078942054240, 1651078942054303, 63
977, 1651078942072516, 1651078942072586, 70
978, 1651078942088207, 1651078942088336, 129
979, 1651078942101827, 1651078942101958, 131
980, 1651078942115482, 1651078942115610, 128
981, 1651078942129198, 1651078942129330, 132
982, 1651078942142916, 1651078942142977, 61
983, 1651078942157644, 1651078942157706, 62
984, 1651078942172415, 1651078942172477, 62
985, 1651078942190562, 1651078942190624, 62
986, 1651078942205120, 1651078942205185, 65
987, 1651078942219715, 1651078942219779, 64
988, 1651078942234427, 1651078942234490, 63
989, 1651078942249161, 1651078942249223, 62
990, 1651078942263972, 1651078942264032, 60
991, 1651078942278263, 1651078942278323, 60
992, 1651078942295956, 1651078942296048, 92
993, 1651078942314398, 1651078942314460, 62
994, 1651078942328322, 1651078942328452, 130
995, 1651078942342522, 1651078942342655, 133
996, 1651078942355473, 1651078942355602, 129
997, 1651078942368456, 1651078942368599, 143
998, 1651078942381496, 1651078942381557, 61
999, 1651078942395515, 1651078942395645, 130

